t(s),Total solute volume 1,Total retention volume 1,Total 1 volume 1,Total 2 volume 1,Total 3 volume 1,Total 4 volume 1,Total 5 volume 1,Total 6 volume 1
0.1,1090211262672958.4,1436790320131653.8,152346489675587.4,194232567783107.2,0.0,0.0,0.0,0.0
0.202,1639862172084213.0,2165543115025365.8,229154894468527.6,292158647297328.3,3325386360.0236225,7899713639.320768,157488967165.42084,4198687108129.415
0.30604000000000003,2057190527461104.5,2722242210227006.5,287472500131896.9,366510072208718.1,8426627294.249496,20018129428.66213,399090174989.82385,10641575493571.664
0.41216080000000005,2408946966878328.5,3194392095066177.0,336627064003418.5,429179172043858.1,14949487660.123802,35513731670.366165,708023084958.7023,18880405836276.754
0.5204040160000001,2720197219091509.5,3614816967082212.0,380121279553365.25,484631669612174.0,22734257862.891144,54007120327.87786,1076723188909.7206,28713334258063.36
0.6308120963200001,3003440423463358.5,3999874136850223.5,419701780757304.3,535094417776280.6,31693196830.55072,75289862789.13411,1501034842359.823,40029496951301.54
0.7434283382464002,3265943652807617.0,4359072346365361.5,456384070832752.2,581862121812689.6,41774149890.263885,99238064950.22723,1978487920532.5938,52763000776926.61
0.8582969050113283,3512362094699289.0,4698505226831703.0,490818667267878.75,625764152230261.6,52945578391.79082,125776807862.66962,2507588745352.2812,66874001502674.16
0.9754628431115548,3745884446254347.5,5022351103187561.0,523451159677106.3,667368608874039.5,65189170761.935486,154862594713.34042,3087470115787.4272,82339366500808.42
1.094972099973786,3968804941676930.5,5333621479361231.0,554602145124586.6,707084233636255.1,78495741180.5301,186473607818.984,3717697055420.175,99147492519026.2
1.2168715419732616,4182837549242492.0,5634571869993258.0,584511134117126.0,745216387945939.9,92862757562.75757,220603836168.9493,4398149730392.575,117295182363575.19
1.3412089728127268,4389301370547750.5,5926944056978675.0,613362458358186.6,782000083590644.4,108292757812.65755,257259313126.73492,5128948438977.509,136785643972172.77
1.4680331522689813,4589236345236835.0,6212117179391780.0,641301439365486.0,817620596727377.2,124792286420.36063,296455590249.19244,5910403246291.78,157627146939130.78
1.597393815314361,4783478790719608.0,6491206313659406.0,668444944416822.5,852226926075958.9,142371153498.96335,338215977086.56433,6742978890716.044,179832086425711.66
1.729341691620648,4972712583268029.0,6765129226217783.0,694888538613799.6,885940911368294.2,161041902878.47824,382570277614.2207,7627269591855.376,203416311195317.8
1.863928525453061,5157504929657012.0,7034653002923374.0,720711483623040.9,918863606441480.0,180819420892.9247,429553860892.27527,8563980522116.114,228398629397947.4
2.001207095962122,5338332038128763.0,7300427495151984.0,745980324945408.4,951079852789395.6,201720642860.6317,479206963803.4655,9553913905298.758,254800437776468.44
2.1412312378813647,5515597964602860.0,7563009863097011.0,770751525491801.4,982661637212755.2,223764329231.49005,531574159290.80115,10597958414805.992,282645438886265.4
2.284055862638992,5689648725115681.0,7822882947229726.0,795073437660189.1,1013670606098219.4,246970892570.59506,586703945361.5704,11697080979601.342,311959422538093.06
2.4297369798917723,5860783048826409.0,8080469262093620.0,818987805964350.9,1044159981179246.8,271362262389.37753,644648424001.6293,12852320382730.63,342770095054481.9
2.578331719489608,6029260698377137.0,8336141821799573.0,842530929723761.1,1074176041895495.6,296961778656.7943,705463048222.0991,14064782218215.355,375106944758076.06
2.7298983538794,6195308996912129.0,8590232631086806.0,865734575151511.6,1103759288249808.6,323794107388.1233,769206421553.846,15335634893609.504,409001135350807.7
2.884496320956988,6359128011739290.0,8843039428620719.0,888626699720896.9,1132945364331866.8,351885173470.0297,835940138488.885,16666106448924.154,444485421067780.3
3.0421862473761276,6520894717132635.0,9094831102808588.0,911232033876839.4,1161765799965102.0,381262107114.4702,905728657298.9641,18057482021063.7,481594079048537.2
3.2030299723236504,6680766371201864.0,9345852086159202.0,933572552920798.2,1190248612331473.0,411953201214.23645,978639198752.7521,19511101824608.35,520362855480496.94
3.3670905717701234,6838883280505037.0,9596325954328834.0,955667863338666.2,1218418798516179.2,443987877511.2926,1054741665769.4331,21028359550011.523,560828922875677.6
3.5344323832055258,6995371082533541.0,9846458399223906.0,977535521756004.9,1246298742156317.2,477396659958.81104,1134108580162.499,22610701102528.496,603030846435401.4
3.7051210308696363,7150342644775874.0,1.0096439704578234e+16,999191300313845.1,1273908551779010.2,512211154008.2338,1216815033459.928,24259623621791.0,647008557900262.4
3.879223451487029,7303899656078148.0,1.0346446822474776e+16,1020649409045953.9,1301266344318990.8,548464030817.30023,1302938649415.5964,25976674734473.418,692803335616968.6
4.0568079205167695,7456133968992111.0,1.0596645127106002e+16,1041922683459000.1,1328388484271950.2,586189015577.0896,1392559556306.8926,27763452002069.99,740457789809012.2
4.237944078927105,7607128739040032.0,1.084718990545549e+16,1063022743733801.4,1355289786666565.0,625420879312.1178,1485760367484.0042,29621602533189.754,790015852235121.8
4.422702960505647,7756959397161459.0,1.1098227632004048e+16,1083960130615387.1,1381983690316059.5,666195433629.0564,1582626168925.1873,31552822735532.734,841522769573054.0
4.61115701971576,7905694484212544.0,1.1349897064946738e+16,1104744422026187.1,1408482406493014.8,708549527985.2507,1683244512779.2725,33558858187237.53,895025099986970.8
4.803380160110075,8053396370680335.0,1.1602330193982116e+16,1125384333639175.9,1434797047154052.8,752521049123.9956,1787705416056.8567,35641503610880.75,950570712432492.2
4.9994477633122765,8200121880329071.0,1.1855653063956712e+16,1145887806026403.8,1460937736048930.0,798148922384.0616,1896101363775.3723,37802602936278.15,1008208788329863.4
5.199436718578522,8345922833005024.0,1.210998649411132e+16,1166262080510732.5,1486913705426925.5,845473114639.8073,2008527315979.1655,40044049440544.01,1067989825297485.4
5.403425452950093,8490846519066133.0,1.236544670909075e+16,1186513765462792.5,1512733380561463.8,894534638667.6752,2125080718149.6606,42367785955742.5,1129965642687826.8
5.611493962009095,8634936115703270.0,1.2622145895021262e+16,1206648894477857.0,1538404453922097.0,945375558767.2018,2245861514597.304,44775805135990.46,1194189388708664.8
5.823723841249277,8778231053656369.0,1.288019269167108e+16,1226672977620876.0,1563933950508854.2,998038997491.1589,2370972164490.0537,47270149777127.516,1260715548945892.0
6.040198318074262,8920767341404993.0,1.313969262986294e+16,1246591046728971.2,1589328285610176.2,1052569143361.3436,2500517660224.992,49852913183106.53,1329599956132104.8
6.261002284435747,9062577852757596.0,1.3400748521806176e+16,1266407695599280.0,1614593316039963.0,1109011259464.7793,2634605547893.437,52526239574122.77,1400899801027837.8
6.486222330124463,9203692582820420.0,1.366346081079619e+16,1286127115758108.2,1639734385741114.2,1167411692840.2756,2773345949625.2993,55292324532217.18,1474673644301857.0
6.715946776726952,9344138876551990.0,1.3927927885721926e+16,1305753128399214.0,1664756366504920.2,1227817884578.1501,2916851587629.7363,58153415480697.72,1550981429312879.2
6.950265712261491,9483941633471070.0,1.4194246364996302e+16,1325289212989795.0,1689663694441911.2,1290278380566.6897,3065237809774.177,61111812194239.375,1629884495708921.5
7.18927102650672,9623123491555910.0,1.4462511353838344e+16,1344738532968604.5,1714460402745467.2,1354842842828.1707,3218622616566.0293,64169867336950.19,1711445593771993.5
7.433056447036854,9761704992932082.0,1.4732816678264838e+16,1364103958899229.5,1739150151210818.0,1421562061395.0999,3377126689419.938,67329987026073.75,1795728899445817.8
7.681717575977592,9899704733576722.0,1.5005255098671936e+16,1383388089389814.0,1763736252906426.0,1490487966684.1155,3540873420109.653,70594631419310.52,1882800029992886.8
7.935351927497144,1.0037139498957984e+16,1.527991850548706e+16,1402593270047379.2,1788221698339607.0,1561673642330.832,3709988941317.2417,73966315324022.73,1972726060234405.0
8.194058966047088,1.017402438726701e+16,1.55568980990335e+16,1421721610698267.8,1812609177411551.0,1635173338453.9597,3884602158204.574,77447608826826.53,2065575539333155.5
8.45794014536803,1.031037292167806e+16,1.5836284555464734e+16,1440775001075440.2,1836901099417679.8,1711042485321.567,4064844780942.8003,81041137942282.25,2161418508085009.0
8.72709894827539,1.0446197152885762e+16,1.6118168180383282e+16,1459755125147053.0,1861099611315723.0,1789337707396.095,4250851358144.2686,84749585279585.97,2260326516689625.5
9.0016409272409,1.0581507753007138e+16,1.640263905155136e+16,1478663474238364.8,1885206614455344.8,1870116837738.4084,4442759311150.113,88575690726324.55,2362372642975294.5
9.281673745785717,1.0716314101799838e+16,1.6689787151925698e+16,1497501359079885.8,1909223779938820.5,1953438932754.0417,4640708969133.792,92522252148499.61,2467631511056753.0
9.567307220701432,1.085062436602976e+16,1.6979702494096078e+16,1516269920898257.2,1933152562761222.5,2039364287267.6807,4844843604987.329,96592126106165.14,2576179310408410.0
9.85865336511546,1.0984445572720646e+16,1.727247523707777e+16,1534970141652170.8,1956994214860607.8,2127954449914.4167,5055309471963.332,100788228584133.89,2688093815338328.5
10.155826432417769,1.1117783676930418e+16,1.7568195796295552e+16,1553602853503447.0,1980749797193069.5,2219272238838.447,5272255841050.455,105113535737316.14,2803454404851392.5
10.458942961066125,1.1250643624623198e+16,1.786695494749964e+16,1572168747602782.5,2004420190934041.5,2313381757692.104,5495835039066.11,109571084650356.75,2922342082892514.5
10.768121820287448,1.1383029411140114e+16,1.816884392527023e+16,1590668382260524.0,2028006107895524.8,2410348411929.9106,5726202487453.227,114163974111319.67,3044839498963368.0
11.083484256693197,1.1514944135715692e+16,1.847395451669362e+16,1609102190564751.5,2051508100238697.5,2510238925394.14,5963516741773.422,118895365399260.27,3171030969108024.5
11.405153941827061,1.1646390052434434e+16,1.878237915072872e+16,1627470487502000.8,2074926569552399.5,2613121357189.966,6207939531891.798,123768483085592.48,3301002497265177.5
11.733257020663602,1.1777368617980672e+16,1.9094210983728404e+16,1645773476629850.8,2098261775360276.8,2719065118849.8433,6459635802853.101,128786615849240.97,3434841796986632.0
12.067922161076874,1.1907880536494918e+16,1.9409543981529564e+16,1664011256345138.5,2121513843112382.0,2828140991788.2363,6718773756451.344,133953117305633.69,3572638313523191.0
12.409280604298411,1.203792580181612e+16,1.9728472998483524e+16,1682183825786918.8,2144682771711092.8,2940421145049.0073,6985524893499.548,139271406849648.39,3714483246281222.0
12.75746621638438,1.2167503737359946e+16,2.0051093853762296e+16,1700291090409078.0,2167768440615841.5,3055979153349.445,7260064056808.011,144744970512697.44,3860469571654572.5
13.112615540712067,1.2296613033856154e+16,2.0377503405238984e+16,1718332867253758.0,2190770616566436.5,3174890015425.4766,7542569474883.379,150377361834189.34,4010692066238141.0
13.474867851526309,1.24252517851452e+16,2.0707799621216828e+16,1736308889953577.5,2213688959960588.0,3297230172684.758,7833222806363.394,156172202747661.84,4165247330430749.0
13.844365208556836,1.2553417522212734e+16,2.1042081650250076e+16,1754218813487647.2,2236523030917501.0,3423077528174.441,8132209185204.729,162133184481933.38,4324233812436868.5
14.221252512727972,1.268110724562289e+16,2.1380449889280584e+16,1772062218713776.2,2259272295056222.5,3552511465872.338,8439717266643.775,168264068477678.97,4487751832677491.5
14.605677562982532,1.2808317456493754e+16,2.1723006050291504e+16,1789838616697040.8,2281936129014266.5,3685612870310.739,8755939273953.646,174568687319881.75,4655903608622278.0
14.997791114242183,1.2935044186144976e+16,2.2069853225662784e+16,1807547452852697.8,2304513825729605.0,3822464146543.531,9081071046022.006,181050945686657.62,4828793280056258.0
15.397746936527026,1.3061283024532488e+16,2.242109595239561e+16,1825188110919692.2,2327004599506597.5,3963149240467.974,9415312085777.38,187714821315002.6,5006526934795593.0
15.805701875257567,1.3187029147574584e+16,2.277684027535943e+16,1842759916779231.5,2349407590884531.5,4107753659513.6235,9758865609493.99,194564365984068.53,5189212634868060.0
16.221815912762718,1.3312277343463162e+16,2.313719380970249e+16,1860262142131477.5,2371721871325089.0,4256364493711.934,10111938597006.848,201603706516585.03,5376960443175498.0
16.64625223101797,1.3437022038042608e+16,2.3502265802553776e+16,1877694008042036.2,2393946447733973.5,4409070437160.583,10474741842871.463,208837045799134.06,5569882450655998.0
17.079177275638333,1.3561257319332154e+16,2.387216719413652e+16,1895054688368717.0,2416080266829781.0,4565961809898.04,10847490008505.162,216268663821989.88,5768092803965423.0
17.5207608211511,1.36849769612579e+16,2.4247010678400924e+16,1912343313077847.8,2438122219372123.5,4727130580204.288,11230401675347.133,223902918739292.88,5971707733698218.0
17.97117603757412,1.380817444665506e+16,2.462691076327959e+16,1929558971458598.0,2460071144259688.5,4892670387344.642,11623699399079.277,231744247950372.66,6180845583169424.0
18.430599558325603,1.3930842989592988e+16,2.50119838306561e+16,1946700715242733.5,2481925832507738.0,5062676564774.418,12027609764949.361,239797169203054.94,6395626837779875.0
18.899211549492115,1.4052975557071096e+16,2.5402348196137124e+16,1963767561636361.0,2503685031113403.0,5237246163823.031,12442363444240.635,248066281719849.4,6616174154988353.0
19.37719578048196,1.4174564890127494e+16,2.5798124168706396e+16,1980758496269684.0,2525347446816440.0,5416477977876.792,12868195251935.174,256556267347925.94,6842612394915078.0
19.864739696091597,1.4295603524397362e+16,2.6199434110337332e+16,1997672476069833.5,2546911749761913.0,5600472567080.377,13305344205617.4,265271891733849.75,7075068651601708.0
20.36203449001343,1.4416083810154526e+16,2.6606402495634524e+16,2014508432061469.5,2568376577070809.5,5789332283577.88,13754053585668.777,274218005524052.34,7313672284954407.0
20.869275179813698,1.4535997931864264e+16,2.7019155971570052e+16,2031265272099124.5,2589740536323591.0,5983161297314.705,14214570996803.988,283399545592068.06,7558554953396907.0
21.38666068340997,1.4655337927273122e+16,2.743782341737764e+16,2047941883534788.2,2611002208961211.0,6182065622422.499,14687148431002.008,292821536293589.4,7809850647261511.0
21.91439389707817,1.4774095706056902e+16,2.7862536004661716e+16,2064537135823814.5,2632160153607484.5,6386153144209.777,15172042331885.904,302489090750422.8,8067695722947005.0
22.452681775019734,1.4892263068046048e+16,2.829342725777849e+16,2081049883071729.5,2653212909316131.5,6595533646781.506,15669513660607.592,312407412164452.44,8332228937872749.0
23.00173541052013,1.5009831721044066e+16,2.8730633114540044e+16,2097478966524167.2,2674158998745282.5,6810318841311.665,16179827963294.248,322581795162765.25,8603591486259126.0
23.561770118730532,1.5126793298252476e+16,2.9174291987291904e+16,2113823217001863.8,2694996931261945.0,7030622394992.745,16703255440114.832,333017627175075.2,8881927035765450.0
24.133005521105144,1.5243139375313134e+16,2.9624544824411384e+16,2130081457282151.5,2715725205978250.0,7256559960687.617,17240071016025.924,343720389844662.0,9167381765016514.0
24.715665631527248,1.5358861486977496e+16,3.0081535172271744e+16,2146252504428314.2,2736342314721291.5,7488249207308.471,17790554413258.242,354695660474007.8,9460104402050080.0
25.309978944157795,1.547395114340939e+16,3.054540923771534e+16,2162335172067753.8,2756846744937604.5,7725809850949.043,18354990225604.004,365949113506372.75,9760246263717682.0
25.91617852304095,1.5588399846126896e+16,3.101631595107778e+16,2178328272619721.8,2777236982533382.5,7969363686795.853,18933667994569.395,377486522044554.25,1.0067961296071898e+16
26.53450209350177,1.5702199103587538e+16,3.14944070298028e+16,2194230619473175.2,2797511514651157.5,8219034621844.948,19526882287453.496,389313759408089.6,1.038340611577353e+16
27.165192135371807,1.5815340446418564e+16,3.1979837042685492e+16,2210041029115082.2,2817668832383225.0,8474948708451.047,20134932777419.055,401436800730178.2,1.0706740052552544e+16
27.808495978079243,1.5927815442294514e+16,3.247276347478298e+16,2225758323209413.5,2837707433422230.0,8737234178735.8545,20758124325619.434,413861724595612.0,1.1038125192756874e+16
28.464665897640828,1.6039615710461502e+16,3.2973346793027104e+16,2241381330626751.8,2857625824648841.5,9006021479882.678,21396767065446.07,426594714721018.0,1.1377726424023616e+16
29.133959215593645,1.6150732935907854e+16,3.348175051257432e+16,2256908889424547.0,2877422524656384.0,9281443310344.934,22051176488963.336,439642061678711.9,1.1725711481107494e+16
29.816638399905518,1.6261158883179546e+16,3.3998141263928244e+16,2272339848777625.0,2897096066212184.0,9563634656995.67,22721673535595.543,453010164665496.06,1.2082250992900776e+16
30.51297116790363,1.637088540983776e+16,3.452268886086619e+16,2287673070858821.0,2916644998655259.0,9852732833246.078,23408584683132.26,466705533317686.9,1.2447518530680312e+16
31.223230591261704,1.64799044795564e+16,3.505556636920458e+16,2302907432669170.0,2936067890229631.0,10148877518160.17,24112242041120.016,480734789573738.6,1.2821690657616362e+16
31.947695203086937,1.6588208174855084e+16,3.5596950176432744e+16,2318041827817262.5,2955363330353016.0,10452210796593.639,24832983446703.395,495104669585748.06,1.320494697957839e+16
32.686649107148675,1.6695788709465064e+16,3.614702006224903e+16,2333075168247260.5,2974529931819781.0,10762877200384.076,25571152562985.145,509822025681178.8,1.3597470197272384e+16
33.44038208929165,1.680263844032304e+16,3.670595927002801e+16,2348006385914856.5,2993566332937893.5,11081023750620.35,26327098979969.54,524893828376130.25,1.3999446159745524e+16
34.20918973107749,1.6908749879188638e+16,3.7273954579250456e+16,2362834434410789.0,3012471199598612.5,11406800001018.664,27101178318154.53,540327168441446.2,1.441106391929183e+16
34.993373525699035,1.7014115703881786e+16,3.785119637892615e+16,2377558290531116.0,3031243227278596.5,11740358082431.729,27893752334840.016,556129259022996.94,1.4832515787794398e+16
35.793240996213015,1.7118728769134554e+16,3.843787874203838e+16,2392176955793644.5,3049881142973241.5,12081852748519.293,28705189033215.36,572307437817400.8,1.5263997394537708e+16
36.60910581613728,1.7222582117053448e+16,3.9034199501040344e+16,2406689457899944.0,3068383707060671.0,12431441422605.832,29535862774291.95,588869169304510.8,1.5705707745524916e+16
37.44128793246003,1.7325668987187636e+16,3.964036032443376e+16,2421094852142304.5,3086749715095475.5,12789284245752.398,30386154391744.37,605822047037907.0,1.6157849284332966e+16
38.29011369110923,1.7427982826198758e+16,4.0256566794455384e+16,2435392222754972.5,3104977999531517.0,13155544126068.717,31256451309723.78,623173795994693.2,1.6620627954539656e+16
39.15591596493141,1.752951729712822e+16,4.088302848590432e+16,2449580684209179.5,3123067431372971.0,13530386789291.867,32147147663705.5,640932274985818.1,1.7094253263755196e+16
40.03903428423004,1.7630266288258104e+16,4.151995904613643e+16,2463659382451356.5,3141016921752980.5,13913980830656.14,33058644424433.344,659105479128176.9,1.7578938349290766e+16
40.93981496991464,1.7730223921562084e+16,4.216757627625459e+16,2477627496084082.0,3158825423439327.0,14306497768080.566,33991349525020.49,677701542379680.5,1.807490004549637e+16
41.85861126931294,1.7829384560743562e+16,4.282610221352504e+16,2491484237489328.5,3176491932266452.5,14708112096697.54,34945677991268.215,696728740138520.2,1.8582358952799228e+16
42.7957834946992,1.7927742818857486e+16,4.3495763215045944e+16,2505228853893551.0,3194015488493408.5,15119001344747.762,35922052075259.96,716195491907784.4,1.91015395084737e+16
43.751699164593184,1.802529356551435e+16,4.4176790042698744e+16,2518860628374323.5,3211395178087272.5,15539346130864.86,36920901392289.53,736110364026575.2,1.9632670059172984e+16
44.72673314788505,1.812203193366367e+16,4.486941794940909e+16,2532378880808347.0,3228630133931770.5,15969330222773.2,37942663061179.22,756482072468781.6,2.017598293525264e+16
45.721267810842754,1.8217953325956324e+16,4.557388676674853e+16,2545782968760438.5,3245719536960718.0,16409140597421.598,38987781848044.836,777319485710586.1,2.073171452691505e+16
46.73569316705961,1.831305342068407e+16,4.629044099390043e+16,2559072288313618.0,3262662617216275.5,16858967502575.36,40056710313559.99,798631627667826.8,2.1300105362202424e+16
47.770407030400804,1.8407328177296956e+16,4.70193298880243e+16,2572246274840024.0,3279458654831877.5,17319004519887.992,41149908963774.04,820427680704233.9,2.188140018686751e+16
48.82581517100882,1.8500773841497916e+16,4.776080755604409e+16,2585304403712864.0,3296106980939905.5,17789448629474.72,42267846404535.67,842716988711616.2,2.2475848046147788e+16
49.902331474429,1.8593386949915664e+16,4.851513304788814e+16,2598246190959433.0,3312606978504239.5,18270500276006.895,43410999499571.03,865509060262960.9,2.308370236847029e+16
51.000378103917576,1.8685164334358076e+16,4.928257045121179e+16,2611071193855445.0,3328958083077998.5,18762363436348.906,44579853532267.67,888813571839476.9,2.3705221051112216e+16
52.120385665995926,1.877610312564692e+16,5.006338898763018e+16,2623779011460934.5,3345159783486803.0,19265245688756.117,45774902371210.484,912640371132510.5,2.4340666547842932e+16
53.262793379315845,1.886620075703771e+16,5.085786311048864e+16,2636369285098109.0,3361211622437951.0,19779358283652.453,46996648639516.35,936999480421243.5,2.4990305958570504e+16
54.42804924690216,1.8955454967227024e+16,5.166627260420301e+16,2648841698771634.5,3377113197056346.0,20304916216007.04,48245603888013.9,961901100027136.8,2.5654411121016804e+16
55.616610231840205,1.904386380295236e+16,5.248890268519335e+16,2661195979531902.0,3392864159347550.0,20842138299325.98,49522288772310.484,987355611845935.4,2.6333258704444068e+16
56.828942436477014,1.913142562118767e+16,5.3326044104446024e+16,2673431897781856.5,3408464216589031.0,21391247241277.93,50827233233789.22,1013373582958074.5,2.7027130305454308e+16
58.06552128520656,1.9218139090941016e+16,5.417799325172674e+16,2685549267528198.0,3423913131650420.0,21952469720968.49,52160976684578.4,1039965769318417.8,2.773631254588317e+16
59.32683171091069,1.9304003194659204e+16,5.5045052261479e+16,2697547946577654.0,3439210723243724.5,22526036467879.953,53524068196530.68,1067143119525946.8,2.846109717280806e+16
60.613368345128904,1.938901722924645e+16,5.592752912043318e+16,2709427836679347.5,3454356866104814.5,23112182342492.13,54917066694253.336,1094916778674338.1,2.9201781160691504e+16
61.925635712031486,1.9473180806702884e+16,5.682573777695613e+16,2721188883613997.5,3469351491107259.0,23711146418597.547,56340541152223.22,1123298092284061.9,2.995866681567709e+16
63.264148426272115,1.955649385439194e+16,5.773999825217132e+16,2732831077231317.0,3484194585309888.0,24323172067327.016,57795070796025.34,1152298610316765.8,3.0732061882057932e+16
64.62943139479756,1.9638956614943276e+16,5.867063675287639e+16,2744354451436412.5,3498886191939501.5,24948507042896.918,59281245307748.555,1181930091272629.8,3.1522279650933844e+16
66.02202002269351,1.972056964580039e+16,5.961798578628931e+16,2755759084126576.5,3513426410310301.5,25587403570093.125,60799665035570.25,1212204506371338.0,3.2329639071075096e+16
67.44246042314738,1.9801333818421708e+16,6.058238427664983e+16,2767045097079675.5,3527815395681539.5,26240118433502.953,62350941207564.71,1243134043817360.0,3.3154464862008452e+16
68.89130963161033,1.988125031714498e+16,6.156417768370551e+16,2778212655795437.5,3542053359055197.5,26906913068507.21,63935696149763.5,1274731113150107.8,3.3997087629341468e+16
70.36913582424253,1.9960320637724636e+16,6.256371812311263e+16,2789261969291045.0,3556140566915434.0,27588053654043.79,65554563508500.086,1307008349679573.0,3.48578439823394e+16
71.87651854072739,2.003854658555252e+16,6.35813644887784e+16,2800193289852526.0,3570077340911526.5,28283811207153.785,67208188477064.61,1339978619008099.2,3.5737076653769524e+16
73.41404891154194,2.0115930273572684e+16,6.461748257717388e+16,2811006912743345.5,3583864057486417.5,28994461679319.863,68897228026700.18,1373655021638685.8,3.663513462202683e+16
74.98232988977279,2.0192474119901604e+16,6.567244521364602e+16,2821703175871899.0,3597501147452727.5,29720286054607.938,70622351141962.25,1408050897670557.0,3.7552373235552664e+16
76.58197648756824,2.0268180845164984e+16,6.674663238075604e+16,2832282459419314.5,3610989095518280.5,30461570449619.98,72384239060471.3,1443179831582308.5,3.848915433956101e+16
78.21361601731961,2.034305346956341e+16,6.784043134867442e+16,2842745185429386.5,3624328439763276.0,31218606215268.742,74183585517080.38,1479055657103268.5,3.944584640508267e+16
79.87788833766601,2.04170953096776e+16,6.895423680765708e+16,2853091817362187.0,3637519771071178.5,31991690040380.69,76021096992482.75,1515692462173514.2,4.042282466033959e+16
81.57544610441933,2.0490309975027584e+16,7.008845100263186e+16,2863322859613228.0,3650563732515645.0,32781124057136.953,77897492966280.1,1553104593992928.5,4.142047122445911e+16
83.30695502650772,2.0562701364395724e+16,7.124348386992383e+16,2873438856999668.0,3663461018705491.0,33587215948359.406,79813506174536.86,1591306664159837.8,4.24391752435403e+16
85.07309412703788,2.063427366192903e+16,7.241975317614362e+16,2883440394215563.0,3676212375090178.5,34410279056648.14,81769882871835.16,1630313553899592.8,4.347933302908058e+16
86.87455600957864,2.0705031333030784e+16,7.361768465926608e+16,2893328095257851.0,3688818597227974.0,35250632495378.54,83767383097859.5,1670140419383503.2,4.4541348198772536e+16
88.71204712977021,2.0774979120056108e+16,7.483771217192794e+16,2903102622824813.0,3701280530019020.5,36108601261562.914,85806780948519.81,1710802697138506.2,4.562563181967951e+16
90.58628807236562,2.0844122037824256e+16,7.608027782696738e+16,2912764677688965.0,3713599066905806.0,36984516350582.93,87888864851640.56,1752316109547993.8,4.673260255379812e+16
92.49801383381293,2.0912465368959988e+16,7.734583214522994e+16,2922314998046002.0,3725775149043137.5,37878714872799.805,90014437847226.56,1794696670444056.0,4.7862686806016696e+16
94.4479741104892,2.0980014659077176e+16,7.863483420567098e+16,2931754358841894.5,3737809764440148.5,38791540172044.71,92184317872326.12,1837960690791577.5,4.90163188744757e+16
96.43693359269899,2.1046775711818364e+16,7.994775179777184e+16,2941083571079556.5,3749703947076471.5,39723341945995.94,94399338050506.11,1882124784464451.2,5.019394110333639e+16
98.46567226455298,2.1112754583762188e+16,8.128506157629989e+16,2950303481107328.0,3761458775994972.0,40674476368447.04,96660346985953.36,1927205874114228.2,5.139600403796657e+16
100.53498570984404,2.1177957579212724e+16,8.264724921843038e+16,2959414969890746.5,3773075374373382.5,41645306213468.57,98968209062217.3,1973221197131495.8,5.2622966582546536e+16
102.64568542404092,2.1242391244882268e+16,8.403480958325813e+16,2968418952269570.0,3784554908576999.0,42636200981467.39,101323804745608.88,2020188311700289.0,5.387529616010192e+16
104.79859913252174,2.1306062364480964e+16,8.544824687371218e+16,2977316376201742.0,3795898587194849.5,43647537027148.62,103728030893263.47,2068125102945705.5,5.515346887496859e+16
106.99457111517218,2.136897795322653e+16,8.688807480090733e+16,2986108221996087.0,3807107660061332.5,44679697689377.78,106181801065885.45,2117049789175094.0,5.645796967769298e+16
109.23446253747562,2.14311452522839e+16,8.835481675093754e+16,2994795501535473.5,3818183417265867.5,45733073422950.58,108686045845180.14,2166980928212897.2,5.778929253237131e+16
111.51915178822514,2.1492571723150724e+16,8.984900595414533e+16,3003379257492036.5,3829127188152342.5,46808061932268.33,111241713155986.19,2217937423829477.5,5.914794058643251e+16
113.84953482398966,2.1553265041996616e+16,9.137118565687288e+16,3011860562536309.5,3839940340310794.5,47905068306921.5,113849768593115.19,2269938532264020.0,6.053442634286537e+16
116.22652552046945,2.1613233093971324e+16,9.292190929572312e+16,3020240518541735.5,3850624278563206.0,49024505159181.695,116511195752908.5,2323003868841707.0,6.19492718348933e+16
118.65105603087885,2.1672483967490516e+16,9.450174067433717e+16,3028520255786269.5,3861180443945584.5,50166792763401.016,119226996569512.47,2377153414685312.5,6.339300880309667e+16
121.12407715149642,2.1731025948512812e+16,9.61112541427132e+16,3036700932152523.0,3871610312688206.0,51332359197320.78,121998191655886.95,2432407523521370.5,6.486617887498512e+16
123.64655869452635,2.1788867514816544e+16,9.775103477907274e+16,3044783732328080.0,3881915395196127.5,52521640485284.1,124825820649541.0,2488786928580867.0,6.636933374701622e+16
126.21948986841687,2.1846017330288944e+16,9.94216785742928e+16,3052769867007472.5,3892097235031618.0,53735080743354.79,127710942563005.64,2546312749594718.5,6.790303536906385e+16
128.8438796657852,2.1902484239236676e+16,1.0112379261891387e+17,3060660572097067.0,3902157407900565.0,54973132326336.67,130654636139040.64,2605006499883944.5,6.946785613133033e+16
131.52075725910092,2.195827726072818e+16,1.028579952927313e+17,3068457107924528.0,3912097520644527.5,56236255976691.63,133658000210580.02,2664890093544543.5,7.106437905370224e+16
134.25117240428295,2.2013405582977444e+16,1.0462491645698416e+17,3076160758453955.5,3921919210240100.0,57524920975350.766,136722154065409.03,2725985852727138.0,7.269319797754474e+16
137.03619585236862,2.2067878557778404e+16,1.0642519764914466e+17,3083772830508201.0,3931624142807381.5,58839605294415.94,139848237815572.77,2788316515011223.5,7.435491775992946e+16
139.876919769416,2.2121705694998996e+16,1.0825949228031622e+17,3091294652999379.0,3941214012629008.5,60180795751741.39,143037412771509.56,2851905240873991.5,7.60501544702917e+16
142.77445816480432,2.217489665714311e+16,1.1012846583524261e+17,3098727576169063.0,3950690541181316.5,61548988167393.8,146290861820902.0,2916775621253594.0,7.777953558950718e+16
145.7299473281004,2.2227461253989264e+16,1.1203279607493075e+17,3106072970838969.0,3960055476179140.5,62944687521978.12,149609789812235.1,2982951685206576.5,7.954370021138274e+16
148.7445462746624,2.227940943731296e+16,1.1397317324188968e+17,3113332227673597.5,3969310590635642.0,64368408116823.43,152995423943051.53,3050457907659391.0,8.134329924654835e+16
151.81943720015568,2.2330751295701332e+16,1.1595030026798062e+17,3120506756455486.5,3978457681938356.0,65820673736014.74,156449014152887.72,3119319217253668.0,8.317899562874286e+16
154.9558259441588,2.238149704946624e+16,1.179648929848759e+17,3127597985374461.5,3987498570942956.0,67302017810263.5,159971833520873.88,3189561004284788.5,8.505146452347616e+16
158.15494246304198,2.2431657045662636e+16,1.2001768033712382e+17,3134607360331477.5,3996435101085786.0,68812983582600.41,163565178667978.2,3261209128733595.0,8.696139353905958e+16
161.41804131230282,2.2481241753219344e+16,1.2210940459780443e+17,3141536344258173.0,4005269137516244.5,70354124275877.56,167230370163873.22,3334289928390621.0,8.890948293998037e+16
164.7464021385489,2.2530261758187464e+16,1.24240821586774e+17,3148386416452891.0,4014002566250345.0,71926003262063.98,170968752938397.1,3408830227072424.5,9.089644586261026e+16
168.14133018131986,2.2578727759112212e+16,1.2641270089147728e+17,3155159071933960.0,4022637293346070.5,73529194233316.38,174781696697577.2,3484857342929430.5,9.292300853322478e+16
171.60415678494627,2.26266505625338e+16,1.286258260903185e+17,3161855820810959.5,4031175244101874.5,75164281374806.8,178670596344191.62,3562399096844574.5,9.498991048830822e+16
175.1362399206452,2.2674041078622012e+16,1.3088099497856728e+17,3168478187674669.5,4039618362278894.0,76831859539285.8,182636872402817.66,3641483820922125.0,9.709790479712755e+16
178.73896471905812,2.2720910316948788e+16,1.3317901979678157e+17,3175027711006409.5,4047968609347836.5,78532534423356.72,186681971449339.4,3722140367065773.0,9.924775828653998e+16
182.41374401343927,2.2767269382404108e+16,1.3552072746172098e+17,3181505942607241.0,4056227963761272.0,80266922745439.02,190807366544859.8,3804398115645171.5,1.0144025176801293e+17
186.16201889370805,2.2813129471257284e+16,1.3790695979972533e+17,3187914447047643.0,4064398420252022.5,82035652425390.45,195014557673967.0,3888286984249866.5,1.0367618026681917e+17
189.9852592715822,2.2858501867369616e+16,1.403385737825241e+17,3194254801138165.0,4072481989158276.0,83839362765760.94,199305072187307.56,3973837436529603.5,1.0595635325337528e+17
193.88496445701387,2.290339793855873e+16,1.4281644176544531e+17,3200528593421523.0,4080480695775994.0,85678704634643.58,203680465248392.38,4061080491119745.5,1.082815948766863e+17
197.86266374615414,2.294782913312079e+16,1.4534145172798515e+17,3206737423686464.0,4088396579739200.0,87554340650093.12,208142320284581.94,4150047730650553.5,1.1065274419985312e+17
201.91991702107723,2.299180697651045e+16,1.479145075166935e+17,3212882902503918.0,4096231694428487.5,89466945366068.33,212692249442168.97,4240771310838847.5,1.1307065543760344e+17
206.05831536149879,2.3035343068182156e+16,1.505365290903347e+17,3218966650785578.5,4103988106408366.0,91417205459864.0,217331894045486.53,4333283969660638.0,1.1553619819579294e+17
210.27948166872878,2.3078449078595404e+16,1.5320845276727024e+17,3224990299365392.5,4111667894893585.5,93405819920988.42,222062925059953.28,4427619036602836.5,1.1805025771283234e+17
214.58507130210336,2.3121136746384252e+16,1.5593123147500768e+17,3230955488604064.5,4119273151244931.0,95433500241437.02,226887043558964.38,4523810441992506.0,1.206137351029815e+17
218.97677272814542,2.3163417875694044e+16,1.5870583500186006e+17,3236863868016837.5,4126805978494703.5,97500970607317.69,231805981194527.44,4621892726401454.0,1.2322754760145144e+17
223.45630818270834,2.3205304333685424e+16,1.6153325025065296e+17,3242717095924760.5,4134268490902057.5,99608968091773.06,236821500671544.6,4721901050124195.0,1.2589262881125346e+17
228.02543434636252,2.324680804820788e+16,1.644144814944051e+17,3248516839129562.0,4141662813538507.5,101758242849143.16,241935396225612.5,4823871202727097.0,1.2860992895172704e+17
232.68594303328976,2.3287941005642696e+16,1.6735055063391427e+17,3254264772612202.0,4148991081903596.5,103949558310308.08,247149494104231.78,4927839612666012.0,1.3138041510867514e+17
237.43966189395556,2.3328715248916184e+16,1.703424974571703e+17,3259962579255285.5,4156255441570996.0,106183691379150.4,252465653051283.1,5033843356970151.0,1.3420507148602706e+17
242.28845513183467,2.3369142875683732e+16,1.7339137990050355e+17,3265611949589281.0,4163458047864924.0,108461432630064.94,257885764794632.22,5141920170989096.0,1.3708489965895189e+17
247.23422423447136,2.3409236036685144e+16,1.7649827431138874e+17,3271214581562654.0,4170601065567126.5,110783586506445.05,263411754536720.88,5252108458200237.0,1.4002091882832986e+17
252.2789087191608,2.344900693426988e+16,1.7966427571279622e+17,3276772180335880.0,4177686668654196.0,113150971520070.78,269045581447967.03,5364447300073233.0,1.430141660764948e+17
257.42448689354404,2.348846782109458e+16,1.8289049806900266e+17,3282286458099312.5,4184717040065460.0,115564420451314.48,274789239162821.1,5478976465988276.0,1.4606569662414115e+17
262.67297663141494,2.3527630998989684e+16,1.8617807455273757e+17,3287759133914935.0,4191694371501057.0,118024780550081.05,280644756278280.06,5595736423204559.0,1.491765840882991e+17
268.0264361640432,2.3566508817997e+16,1.895281578135575e+17,3293191933581746.0,4198620863250495.5,120532913737387.47,286614196854678.7,5714768346874908.0,1.5234792074126112e+17
273.48696488732406,2.3605113675576084e+16,1.9294192024732918e+17,3298586589524941.0,4205498724051283.0,123089696807487.47,292699660918544.56,5836114130102883.0,1.5558081777034806e+17
279.05670418507054,2.364345801597984e+16,1.964205542666802e+17,3303944840708641.0,4212330170977632.5,125696021630440.58,298903284967303.8,5959816394037641.0,1.5887640553837843e+17
284.73783826877195,2.368155432979753e+16,1.999652725722901e+17,3309268432572027.5,4219117429359081.5,128352795355015.02,305227242475594.0,6085918498002237.0,1.6223583384472835e+17
290.5325950341474,2.3719415153665344e+16,2.0357730842487405e+17,3314559116988865.5,4225862732728876.0,131060940611809.95,311673744402969.7,6214464549650588.0,1.6566027218682566e+17
296.44324693483037,2.375705307014177e+16,2.072579159177009e+17,3319818652250176.0,4232568322801864.0,133821395716484.06,318245039702702.1,6345499415147577.0,1.691509100219405e+17
302.47211187352696,2.379448070774937e+16,2.1100837024949136e+17,3325048803069935.0,4239236449481813.0,136635114872953.06,324943415831430.75,6479068729367486.0,1.727089570291187e+17
308.6215541109975,2.3831710741178364e+16,2.1482996799751763e+17,3330251340613687.5,4245869370897803.5,139503068376434.38,331771199259366.5,6615218906104560.0,1.7633564337108736e+17
314.8939851932175,2.3868755891654228e+16,2.1872402739073482e+17,3335428042549757.5,4252469353469596.0,142426242816192.25,338730755980743.94,6753997148289872.0,1.8003221995597456e+17
321.29186489708184,2.3905628927464892e+16,2.2269188858274704e+17,3340580693123042.5,4259038672001694.5,145405641277837.4,345824492024201.3,6895451458208190.0,1.8379995869864707e+17
327.81770219502346,2.394234266464894e+16,2.267349139244127e+17,3345711083251115.5,4265579609805827.5,148442283545030.16,353054853962758.5,7039630647708103.0,1.876401527814912e+17
334.47405623892394,2.3978909967841016e+16,2.308544882358839e+17,3350821010642376.5,4272094458851647.0,151537206300420.66,360424329423023.44,7186584348398348.0,1.9155411691442717e+17
341.2635373637024,2.4015343751275004e+16,2.3505201907785395e+17,3355912279936248.0,4278585519945438.5,154691463325661.62,367935447593272.2,7336363021823072.0,1.955431875939553e+17
348.1888081109765,2.4051656979942172e+16,2.3932893702179386e+17,3360986702865002.5,4285055102936424.5,157906125700309.94,375590779729997.4,7489017969608109.0,1.9960872336101174e+17
355.252584273196,2.4087862670903464e+16,2.4368669591892803e+17,3366046098437132.0,4291505526950605.5,161182281999435.78,383392939662524.5,7644601343570243.0,2.0375210505740512e+17
362.4576359586599,2.4123973894754564e+16,2.4812677316770618e+17,3371092293142139.0,4297939120651765.5,164521038489741.22,391344584295251.5,7803166155780887.0,2.079747360805916e+17
369.80678867783314,2.416000377724206e+16,2.526506699794978e+17,3376127121176271.0,4304358222529383.5,167923519323985.1,399448414107079.94,7964766288575198.0,2.1227804263654384e+17
377.3029244513898,2.4195965501028972e+16,2.572599116422486e+17,3381152424689341.5,4310765181213199.5,171390866733502.62,407707173647543.94,8129456504497236.0,2.16663473990439e+17
384.9489829404176,2.4231872307609172e+16,2.6195604778179952e+17,3386170054052185.5,4317162355814306.5,174924241218594.94,416123652029162.56,8297292456171397.0,2.2113250271490464e+17
392.74796259922596,2.426773749936834e+16,2.6674065262057008e+17,3391181868144674.5,4323552116292281.5,178524821736556.62,424700683415468.1,8468330696089730.0,2.2568662493552266e+17
400.7029218512105,2.430357444179045e+16,2.7161532523329933e+17,3396189734664082.5,4329936843848364.5,182193805887099.8,433441147504210.9,8642628686304673.0,2.3032736057330054e+17
408.8169802882347,2.4339396565808668e+16,2.765816897995116e+17,3401195530453564.0,4336318931344219.0,185932410094920.3,442347970005133.8,8820244808015451.0,2.350562535837898e+17
417.09331989399936,2.4375217370299264e+16,2.816413958523689e+17,3406201141850656.0,4342700783746295.5,189741869789143.62,451424123111753.44,9001238371037141.0,2.398748721925346e+17
425.53518629187937,2.4411050424716612e+16,2.867961185235494e+17,3411208465055514.5,4349084818595307.5,193623439579377.22,460672625966517.2,9185669623139402.0,2.447848091264965e+17
434.14589001771697,2.444690937186969e+16,2.920475587837954e+17,3416219406518881.0,4355473466500807.5,197578393428079.34,470096545118707.94,9373599759242808.0,2.497876818411164e+17
442.92880781807133,2.4482807930836684e+16,2.9739744367873344e+17,3421235883349409.0,4361869171660547.5,201608024818952.75,479698994974404.7,9565090930458978.0,2.548851327426345e+17
451.8873839744328,2.451875990001908e+16,3.028475265595724e+17,3426259823740385.0,4368274392404537.0,205713646921049.66,489483138237836.1,9760206252960964.0,2.6007882940528813e+17
461.02513165392145,2.4554779160332e+16,3.083995873082622e+17,3431293167415588.5,4374691601763455.0,209896592748271.53,499452186343354.6,9959009816669232.0,2.653704647829905e+17
470.3456342869999,2.4590879678531096e+16,3.140554325566886e+17,3436337866094206.5,4381123288061406.0,214158215313924.5,509609399877331.0,1.0161566693738552e+16,2.7076175741507165e+17
479.8525469727399,2.4627075510675292e+16,3.19816895899437e+17,3441395883974651.5,4387571955532739.5,218499887779991.72,519958088989131.56,1.0367942946829906e+16,2.7625445162565568e+17
489.5495979121947,2.466338080572292e+16,3.256858380996882e+17,3446469198237176.0,4394040124962881.5,222923003600756.25,530501613790404.5,1.0578205637151348e+16,2.8185031771622288e+17
499.4405898704386,2.469980980926286e+16,3.3166414728773446e+17,3451559799565177.0,4400530334352958.5,227428976660407.7,541243384741800.7,1.0792422832250898e+16,2.875511521509006e+17
509.52940166784737,2.473637686737753e+16,3.377537391516385e+17,3456669692685087.5,4407045139608099.0,232019241404248.2,552186863026266.25,1.1010663613544216e+16,2.9335877773399334e+17
519.8199897012043,2.477309643063925e+16,3.4395655711950394e+17,3461800896924778.5,4413587115249379.0,236695252963090.34,563335560907978.9,1.1232998083558498e+16,2.992750437792606e+17
530.3163894952285,2.480998305823789e+16,3.5027457253282515e+17,3466955446790378.5,4420158855149253.5,241458487270442.6,574693042076005.9,1.1459497372874276e+16,3.053018262704277e+17
541.022717285133,2.4847051422240068e+16,3.5670978481036614e+17,3472135392561444.5,4426762973290349.5,246310441172056.16,586262921971677.4,1.1690233646745358e+16,3.114410280123847e+17
551.9431716308356,2.4884316311979496e+16,3.6326422160197997e+17,3477342800904468.5,4433402104547624.5,251252632527377.1,598048868098680.8,1.1925280111376656e+16,3.1769457877254656e+17
563.0820350634524,2.4921792638577628e+16,3.699399389318001e+17,3482579755504625.5,4440078905493836.0,256286600302468.6,610054600314810.6,1.2164711019839166e+16,3.240644354117667e+17
574.4436757647214,2.4959495439594984e+16,3.7673902133015405e+17,3487848357715720.0,4446796055228193.0,261413904653914.56,622283891104306.0,1.2408601677600738e+16,3.305525820042569e+17
586.0325492800159,2.4997439883813064e+16,3.836635819536158e+17,3493150727228402.5,4453556256228253.0,266636127003227.7,634740565829632.0,1.2657028447649496e+16,3.371610299458635e+17
597.8532002656162,2.5035641276145456e+16,3.907157626924854e+17,3498489002756503.0,4460362235224983.5,271954870101258.47,647428502961557.8,1.2910068755187784e+16,3.4389181805010874e+17
609.9102642709286,2.5074115062680236e+16,3.97897734265081e+17,3503865342741595.0,4467216744101028.5,277371758082086.5,660351634286328.1,1.316780109187215e+16,3.5074701263131725e+17
622.2084695563472,2.5112876835851836e+16,4.0521169629810125e+17,3509281926075720.0,4474122560812178.0,282888436505865.5,673513945088698.2,1.3430305019574762e+16,3.5772870757419296e+17
634.7526389474741,2.515194233974324e+16,4.126598773923734e+17,3514740952842408.0,4481082490332017.0,288506572390072.6,686919474309537.0,1.369766117364145e+16,3.6483902438911424e+17
647.5476917264236,2.5191327475519284e+16,4.2024453517323635e+17,3520244645075790.5,4488099365619886.0,294227854228596.1,700572314676725.5,1.3969951265619332e+16,3.720801122524978e+17
660.5986455609521,2.5231048306990004e+16,4.279679563248115e+17,3525795247538136.0,4495176048612104.0,300053991998086.6,714476612807934.1,1.4247258085427818e+16,3.7945414803143763e+17
673.9106184721712,2.5271121066305892e+16,4.3583245660737075e+17,3531395028515639.0,4502315431236568.0,305986717150977.9,728636569283946.8,1.4529665502944714e+16,3.869633362919331e+17
687.4888308416147,2.5311562159783856e+16,4.4384038085701664e+17,3537046280632589.0,4509520436450783.0,312027782594555.94,743056438691064.0,1.4817258468979364e+16,3.9460990928988454e+17
701.338607458447,2.5352388173866116e+16,4.5199410296684115e+17,3542751321684020.5,4516794019303425.0,318178962655465.44,757740529631098.2,1.5110123015602534e+16,4.023961269440982e+17
715.4653796076159,2.53936158812105e+16,4.602960258487314e+17,3548512495486849.0,4524139168019488.0,324442053029000.5,772693204697497.2,1.5408346255804142e+16,4.1032427679048435e+17
729.8746871997682,2.543526224691503e+16,4.6874858137495315e+17,3554332172749581.5,4531558905109148.0,330818870712524.75,787918880415978.9,1.5712016382446732e+16,4.1839667391660397e+17
744.5721809437637,2.5477344434875304e+16,4.773542302986257e+17,3560212751960823.5,4539056288500496.0,337311253922346.5,803422027148121.6,1.602122266648335e+16,4.266156608757354e+17
759.563624562639,2.5519879814276708e+16,4.861154621521935e+17,3566156660296398.5,4546634412696122.0,343921061993374.56,819207168956264.1,1.6336055454407154e+16,4.349836075795672e+17
774.8548970538918,2.5562885966221556e+16,4.950347951229539e+17,3572166354545507.0,4554296409953843.0,350650175260815.6,835278883428025.0,1.665660616489933e+16,4.435029111686453e+17
790.4519949949697,2.5606380690492164e+16,5.041147759047122e+17,3578244322055761.0,4562045451491640.0,357500494923246.0,851641801458757.4,1.6982967284641002e+16,4.521759958596512e+17
806.3610348948691,2.5650382012450616e+16,5.133579795245844e+17,3584393081697357.5,4569884748716850.0,364473942886278.5,868300606990131.5,1.73152323632543e+16,4.610053127685898e+17
822.5882555927666,2.569490819007593e+16,5.2276700914396064e+17,3590615184846444.5,4577817554479972.0,371572461586109.2,885260036703118.8,1.7653496007336496e+16,4.6999333970893203e+17
839.140020704622,2.573997772113926e+16,5.3234449583263846e+17,3596913216387834.0,4585847164353002.0,378798013792168.25,902524879663480.1,1.7997853873551012e+16,4.791425809637512e+17
856.0228211187144,2.5785609350518652e+16,5.4209309831509766e+17,3603289795737129.5,4593976917932572.0,386152582388110.2,920099976917928.9,1.83484026607374e+16,4.884555670308669e+17
873.2432775410888,2.5831822077653388e+16,5.5201550268786624e+17,3609747577882385.5,4602210200168144.0,393638170130359.75,937990221039056.0,1.8705240101003444e+16,4.979348543399895e+17
890.8081430919106,2.5878635164139148e+16,5.621144221069292e+17,3616289254445539.0,4610550442715025.0,401256799383405.8,956200555617062.8,1.9068464949758716e+16,5.075830249408702e+17
908.7243059537487,2.5926068141465336e+16,5.723925964441074e+17,3622917554763489.0,4619001125312951.0,409010511831053.06,974735974696344.8,1.9438176974652388e+16,5.174026861613856e+17
926.9987920728238,2.5974140818894084e+16,5.828527919113175e+17,3629635246989236.5,4627565777189753.0,416901368162801.06,993601522154916.2,1.981447694337309e+16,5.273964702345532e+17
945.6387679142803,2.6022873291482904e+16,5.934978006516027e+17,3636445139212903.5,4636247978490713.0,424931447734529.4,1012802291024611.4,2.0197466610272004e+16,5.375670338933848e+17
964.6515432725658,2.6072285948251324e+16,6.043304402958313e+17,3643350080602990.5,4645051361733549.0,433102848202659.4,1032343422750063.2,2.058724870176643e+16,5.4791705793252435e+17
984.0445741380172,2.612239948049203e+16,6.153535534839302e+17,3650352962567738.0,4653979613289095.0,441417685130944.75,1052230106384284.2,2.0983926900482596e+16,5.584492467355833e+17
1003.8254656207775,2.617323489022767e+16,6.265700073495128e+17,3657456719936875.5,4663036474887959.0,449878091569050.1,1072467577718793.2,2.138760582809571e+16,5.691663277670769e+17
1024.0019749331932,2.62248134988128e+16,6.379826929667745e+17,3664664332163722.0,4672225745153145.0,458486217602059.44,1093061118346142.2,2.1798391026823884e+16,5.800710510278732e+17
1044.582014431857,2.627715695568329e+16,6.495945247584787e+17,3671978824547731.5,4681551281158683.0,467244229870078.44,1114016054652652.8,2.2216388939533076e+16,5.911661884730342e+17
1065.5736547204942,2.6330287247250932e+16,6.614084398639092e+17,3679403269477544.5,4691017000014487.0,476154311057056.56,1135337756739231.5,2.2641706888409372e+16,6.024545333909614e+17
1086.9851278149042,2.63842267059466e+16,6.734273974656038e+17,3686940787694595.5,4700626880477347.0,485218659347984.5,1157031637268070.0,2.30744530521553e+16,6.139388997427133e+17
1108.8248303712023,2.643899801940928e+16,6.856543780737272e+17,3694594549577215.0,4710384964588086.0,494439487853627.56,1179103150233009.5,2.351473644166555e+16,6.256221214604005e+17
1131.1013269786263,2.649462423982262e+16,6.980923827669366e+17,3702367776445352.5,4720295359335037.0,503819024001923.3,1201557789651407.5,2.396266687413889e+16,6.375070517035401e+17
1153.823353518199,2.655112879339843e+16,7.107444323885581e+17,3710263741885765.0,4730362238343527.0,513359508895233.1,1224401088175308.5,2.441835494558133e+16,6.495965620722788e+17
1176.999820588563,2.660853549000644e+16,7.23613566696979e+17,3718285773097671.5,4740589843591561.0,523063196632595.94,1247638615619699.2,2.488191200165675e+16,6.618935417763741e+17
1200.6398170003342,2.6666868532949876e+16,7.367028434690788e+17,3726437252258861.0,4750982487151464.0,532932353596173.9,1271275977405668.2,2.5353450106842148e+16,6.744008967588744e+17
1224.752613340341,2.6726152528886336e+16,7.500153375556175e+17,3734721617911973.5,4761544552957358.0,542969257701085.3,1295318812916359.5,2.583308201184228e+16,6.871215487734e+17
1249.3476656071477,2.67864124978924e+16,7.635541398874563e+17,3743142366370969.5,4772280498598287.0,553176197607842.4,1319772793763473.8,2.6320921119221516e+16,7.000584344140022e+17
1274.4346189192906,2.684767388367095e+16,7.773223564315634e+17,3751703053147475.0,4783194857136777.0,563555471896616.1,1344643621962288.5,2.6817081447210316e+16,7.132145040965407e+17
1300.0233112976764,2.6909962563899544e+16,7.913231070957221e+17,3760407294396895.5,4794292238952452.0,574109388202591.4,1369937028013059.2,2.732167759164401e+16,7.265927209906135e+17
1326.12377752363,2.697330486071748e+16,8.055595245809274e+17,3769258768383888.0,4805577333610514.0,584840262311694.8,1395658768886765.8,2.783482468599164e+16,7.401960599010241e+17
1352.7462530741027,2.7037727551350148e+16,8.200347531805034e+17,3778261216966931.5,4817054911754433.0,595750417216003.6,1421814625913210.2,2.8356638359437148e+16,7.540275060978674e+17
1379.9011781355848,2.7103257878866096e+16,8.347519475249681e+17,3787418447101664.5,4828729827022628.0,606842182128188.9,1448410402569518.5,2.8887234692970388e+16,7.680900540943109e+17
1407.5992016982966,2.7169923563066532e+16,8.497142712717371e+17,3796734332362447.0,4840607017988339.0,618117891454369.0,1475451922167177.8,2.942673017345231e+16,7.823867063712466e+17
1435.8511857322626,2.7237752811500184e+16,8.649248957388392e+17,3806212814481659.0,4852691510122187.0,629579883724813.2,1502945025435775.2,2.997524164561675e+16,7.969204720479562e+17
1464.668209446908,2.7306774330602584e+16,8.80386998481788e+17,3815857904906297.0,4864988417776693.0,641230500481947.5,1530895568001779.5,3.0532886261974136e+16,8.116943654980445e+17
1494.0615736358461,2.737701733695281e+16,8.961037618129495e+17,3825673686370997.0,4877502946191797.0,653072085125214.1,1559309417760626.5,3.109978143058336e+16,8.267114049099653e+17
1524.042805108563,2.744851156864402e+16,9.120783712626179e+17,3835664314486929.0,4890240393520652.0,665106981712335.5,1588192452140712.5,3.1676044760661476e+16,8.41974610791453e+17
1554.6236612107343,2.7521287296760844e+16,9.283140139813066e+17,3845834019345663.0,4903206152874389.0,677337533716647.4,1617550555257786.8,3.2261794006001956e+16,8.57487004417348e+17
1585.816134434949,2.7595375336957956e+16,9.448138770826397e+17,3856187107137196.0,4916405714385043.0,689766082740195.6,1647389614958490.8,3.2857147006174524e+16,8.732516062202847e+17
1617.632457123648,2.767080706113193e+16,9.61581145926476e+17,3866727961780935.0,4929844667284923.0,702394967182374.8,1677715519751898.5,3.346222162548363e+16,8.892714341238591e+17
1650.085106266121,2.774761440917908e+16,9.786190023418707e+17,3877461046568781.0,4943528702001492.0,715226520863975.5,1708534155628046.0,3.4077135689664036e+16,9.055495018179647e+17
1683.1868083914435,2.7825829900830012e+16,9.959306227896525e+17,3888390905818851.0,4957463612265725.0,728263071606569.9,1739851402762621.2,3.470200692029661e+16,9.220888169760727e+17
1716.9505445592724,2.7905486647551284e+16,1.0135191764644742e+18,3899522166538650.0,4971655297232576.0,741506939767264.1,1771673132107183.5,3.5336952866929384e+16,9.388923794143466e+17
1751.389555450458,2.7986618364503652e+16,1.0313878233363208e+18,3910859540096129.0,4986109763611469.0,754960436728938.4,1804005201864386.5,3.5982090836894212e+16,9.559631791926223e+17
1786.5173465594671,2.8069259382545956e+16,1.0495397121315969e+18,3922407823897072.5,5000833127804835.0,768625863346236.0,1836853453847999.8,3.6637537822812616e+16,9.733041946573416e+17
1822.3476934906564,2.8153444660270404e+16,1.0679779782539891e+18,3934171903066944.0,5015831618052425.0,782505508347571.9,1870223709727686.8,3.730341042778881e+16,9.909183904267364e+17
1858.8946473604697,2.823920979605739e+16,1.086705741645552e+18,3946156752135432.0,5031111576578939.0,796601646693691.5,1904121767158723.0,3.797982478829232e+16,1.0088087153186364e+18
1896.1725403076791,2.8326591040133452e+16,1.1057261045884974e+18,3958367436721422.5,5046679461742294.0,810916537893278.0,1938553395797104.5,3.866689649473952e+16,1.026978100221472e+18
1934.1959911138329,2.8415625306617268e+16,1.1250421494484244e+18,3970809115216273.0,5062541850179747.0,825452424276386.6,1973524333200831.0,3.936474050978538e+16,1.0454294559091474e+18
1972.9799109361095,2.850635018553464e+16,1.1446569363598167e+18,3983487040462908.0,5078705438948505.0,840211529226484.5,2009040280618332.5,4.007347108434565e+16,1.0641656708006798e+18
2012.5395091548316,2.8598803954785656e+16,1.1645735008549366e+18,3996406561427962.5,5095177047657794.0,855196055372157.9,2045106898665366.0,4.0793201671375176e+16,1.0831896086656531e+18
2052.8902993379284,2.8693025592041276e+16,1.184794851437249e+18,4009573124864325.0,5111963620588270.0,870408182739543.6,2081729802892094.0,4.152404483743078e+16,1.1025041062766948e+18
2094.048105324687,2.8789054786548576e+16,1.2053239671009318e+18,4022992276960750.5,5129072228795428.0,885850066866877.6,2118914559242286.8,4.22661121720618e+16,1.1221119710104567e+18
2136.029067431181,2.8886931950820664e+16,1.2261637947980326e+18,4036669664975450.0,5146510072192138.0,901523836882568.1,2156666679407047.8,4.301951419506908e+16,1.1420159783986854e+18
2178.8496487798047,2.898669823218554e+16,1.2473172468552315e+18,4050611038849894.5,5164284481606222.0,917431593548488.6,2194991616075819.2,4.378436026168991e+16,1.1622188696312755e+18
2222.5266417554008,2.9088395524166316e+16,1.2687871983422664e+18,4064822252799119.5,5182402920808006.0,933575407270286.4,2233894758087785.0,4.456075846576606e+16,1.1827233490133706e+18
2267.077174590509,2.919206647766368e+16,1.2905764843944064e+18,4079309266874353.0,5200872988502502.0,949957316076776.5,2273381425487317.5,4.534881554096814e+16,1.203532081378833e+18
2312.518718082319,2.929775451190915e+16,1.3126878974915622e+18,4094078148493644.0,5219702420281003.0,966579323570621.4,2313456864487433.5,4.6148636760152696e+16,1.2246476894626668e+18
2358.8690924439657,2.9405503825154996e+16,1.3351241846969385e+18,4109135073935650.0,5238899090525450.0,983443396852738.5,2354126242345782.0,4.696032583294009e+16,1.2460727512351816e+18
2406.146474292845,2.9515359405065656e+16,1.3578880448583526e+18,4124486329791740.5,5258471014259803.0,1000551464423102.1,2395394642158169.5,4.778398480161116e+16,1.2678097972010404e+18
2454.3694037787022,2.962736703877093e+16,1.38098212577565e+18,4140138314370858.0,5278426348941177.0,1017905414060790.6,2437267057575030.5,4.861971393542931e+16,1.2898613076665021e+18
2503.5567918542765,2.9741573322541892e+16,1.404409021337976e+18,4156097539051611.5,5298773396183684.0,1035507090686416.4,2479748387446933.5,4.9467611623506104e+16,1.312229709978559e+18
2553.7279276913623,2.9858025671044424e+16,1.428171268634904e+18,4172370629575356.5,5319520603407002.0,1053358294210243.5,2522843430405663.5,5.032777426634042e+16,1.3349173757399227e+18
2604.9024862451897,2.9976772326124664e+16,1.4522713450457859e+18,4188964327273932.5,5340676565401669.0,1071460777369615.0,2566556879387923.5,5.1200296166167176e+16,1.3579266180040643e+18
2657.1005359700935,3.0097862365078092e+16,1.4767116653119726e+18,4205885490225116.5,5362250025802235.0,1089816243559489.8,2610893316109467.0,5.208526941627274e+16,1.3812596884549258e+18
2710.3425466894955,3.0221345708348204e+16,1.5014945785969119e+18,4223141094328480.0,5384249878458932.0,1108426344660192.6,2655857205497915.5,5.298278378943573e+16,1.404918774576183e+18
2764.6493976232855,3.0347273126602184e+16,1.5266223655394637e+18,4240738234294139.0,5406685168698201.0,1127292678866714.8,2701452890093113.5,5.3892926625670344e+16,1.4289059968152394e+18
2820.0423855757513,3.047569624712263e+16,1.5520972353060726e+18,4258684124535922.0,5429565094461478.0,1146416788524184.5,2747684584424702.0,5.481578271946244e+16,1.4532234057475418e+18
2876.5432332872665,3.060666755945558e+16,1.577921322647849e+18,4276986099960662.5,5452899007311503.0,1165800157974338.5,2794556369376968.0,5.575143420669572e+16,1.4778729792470756e+18
2934.174097953012,3.074024042024886e+16,1.6040966849688993e+18,4295651616644254.5,5476696413294221.0,1185444211418177.2,2842072186551891.5,5.66999604514864e+16,1.5028566196692567e+18
2992.957579912072,3.0876469057211936e+16,1.6306252994126397e+18,4314688252385053.5,5500966973644357.0,1205350310800157.0,2890235832641934.5,5.766143793314969e+16,1.528176151052805e+18
3052.9167315103136,3.1015408572125884e+16,1.6575090599731779e+18,4334103707124469.0,5525720505321561.0,1225519753719631.0,2939050953824607.5,5.8635940133543064e+16,1.55383331634752e+18
3114.07506614052,3.1157114942826164e+16,1.6847497746391534e+18,4353905803224057.5,5550966981363847.0,1245953771375431.8,2988521040191892.5,5.962353742503817e+16,1.5798297746751357e+18
3176.4565674633304,3.1301645024080004e+16,1.7123491625778716e+18,4374102485588081.5,5576716531043721.0,1266653526549796.0,3038649420227896.0,6.0624296959390504e+16,1.6061670986309916e+18
3240.085698812597,3.1449056547273056e+16,1.7403088513677919e+18,4394701821619763.5,5602979439812430.0,1287620111638096.2,3089439255349046.5,6.163828255778968e+16,1.6328467716343107e+18
3304.987412788849,3.1599408118818916e+16,1.7686303742878912e+18,4415712000999040.5,5629766149016594.0,1308854546731055.8,3140893534521735.5,6.26655546023845e+16,1.6598701853354168e+18
3371.187161044626,3.1752759217199108e+16,1.7973151676726548e+18,4437141335268887.0,5657087255370864.0,1330357777756368.5,3193015068972910.5,6.370616992959248e+16,1.6872386370884943e+18
3438.7109042655184,3.1909170188538116e+16,1.826364568341871e+18,4458998257216995.5,5684953510169571.0,1352130674686913.2,3245806487010032.0,6.476018172551628e+16,1.7149533274987313e+18
3507.585122350829,3.206870224061368e+16,1.8557798111145626e+18,4481291320038777.0,5713375818219538.0,1374174029822945.8,3299270228967009.5,6.5827639423802856e+16,1.7430153580530962e+18
3577.8368247978456,3.2231417435198344e+16,1.8855620264168714e+18,4504029196267148.0,5742365236475667.0,1396488556155793.2,3353408542293850.0,6.69085886062913e+16,1.7714257288441871e+18
3649.4935612938025,3.2397378678624028e+16,1.9157122379937828e+18,4527220676454039.0,5771932972359996.0,1419074885820888.0,3408223476808026.0,6.8003070906811704e+16,1.8001853363969027e+18
3722.5834325196784,3.25666497104585e+16,1.9462313607349957e+18,4550874667588024.0,5802090381744161.0,1441933568648011.5,3463716880126130.5,6.9111123918505384e+16,1.8292949716079296e+18
3797.135101170072,3.273929509017673e+16,1.9771201986253266e+18,4575000191231805.0,5832848966574871.0,1465065070816815.0,3519890393295198.5,7.023278110504629e+16,1.8587553178081871e+18
3873.1778031934737,3.291538018170817e+16,2.0083794428302881e+18,4599606381362756.0,5864220372120763.0,1488469773625795.2,3576745446643093.5,7.136807171616109e+16,1.888566948958663e+18
3950.741359257343,3.3094971135735264e+16,2.0400096699276557e+18,4624702481899454.0,5896216383818735.0,1512147972382993.0,3634283255868312.0,7.251702070784211e+16,1.9187303279901036e+18
4029.85618644249,3.3278134869617936e+16,2.072011340295874e+18,4650297843896149.0,5928848923697265.0,1536099875426648.2,3692504818389453.0,7.367964866766563e+16,1.9492458052971817e+18
4110.55331017134,3.3464939044811156e+16,2.1043847966702915e+18,4676401922387250.0,5962130046353116.0,1560325603284212.2,3751410909975153.5,7.485597174562971e+16,1.9801136173978496e+18
4192.864376374767,3.3655452041643596e+16,2.1371302628781601e+18,4703024272862763.0,5996071934457905.0,1584825187977897.8,3811002081675553.0,7.604600159092843e+16,2.011333885768615e+18
4276.821663902262,3.3849742931320324e+16,2.1702478427633828e+18,4730174547355981.0,6030686893770015.0,1609598572484982.0,3871278657076199.0,7.724974529508875e+16,2.042906615866286e+18
4362.458097180307,3.4047881445009708e+16,2.203737519311832e+18,4757862490123719.0,6065987347627208.0,1634645610360985.2,3932240729895701.0,7.84672053418905e+16,2.0748316963469248e+18
4449.807259123913,3.424993793987475e+16,2.237599153987866e+18,4786097932899450.0,6101985830894668.0,1659966065533547.0,3993888161948225.0,7.969837956449478e+16,2.1071088984922212e+18
4538.903404306392,3.4455983361904384e+16,2.2718324862925965e+18,4814890789699375.0,6138694983343018.0,1685559612274653.0,4056220581491426.5,8.094326111019902e+16,2.1397378758536847e+18
4629.78147239252,3.466608920540161e+16,2.306437133553908e+18,4844251051161279.0,6176127542430712.0,1711425835358569.0,4119237381980841.0,8.22018384132341e+16,2.1727181641243392e+18
4722.477101840371,3.488032746898308e+16,2.3414125909580493e+18,4874188778395923.0,6214296335464944.0,1737564230412469.2,4182937721250465.5,8.34740951760074e+16,2.2060491812475346e+18
4817.026643877179,3.5098770607945948e+16,2.376758231832052e+18,4904714096330644.0,6253214271115157.0,1763974204466265.2,4247320521139351.5,8.476001035918923e+16,2.2397302277718584e+18
4913.4671767547225,3.532149148285669e+16,2.412473308185573e+18,4935837186525367.0,6292894330253768.0,1790655076707653.8,4312384467582713.5,8.605955818101978e+16,2.2737604874606285e+18
5011.836520289817,3.5548563304220744e+16,2.4485569515202734e+18,4967568279440470.0,6333349556098405.0,1817606079447806.5,4378128011185660.5,8.737270812619938e+16,2.308139028163681e+18
5112.173250695613,3.5780059573091296e+16,2.4850081739137925e+18,4999917646137640.0,6374593043630670.0,1844826359302460.5,4444549368295980.0,8.869942496470413e+16,2.342864802958633e+18
5214.516715709526,3.601605401748039e+16,2.521825869384788e+18,5032895589393813.0,6416637928267243.0,1872314978592313.2,4511646522591643.0,9.003966878083645e+16,2.377936651567629e+18
5318.907050023717,3.6256620524439864e+16,2.559008815544182e+18,5066512434210178.0,6459497373759253.0,1900070916965879.2,4579417227196522.0,9.139339501280336e+16,2.413353302054804e+18
5425.385191024191,3.650183306768326e+16,2.596555675536825e+18,5100778517698072.0,6503184559297442.0,1928093073246874.8,4647859007336807.0,9.2760554503064e+16,2.4491133728084997e+18
5533.992894844675,3.675176563062802e+16,2.63446500027648e+18,5135704178324772.0,6547712665801277.0,1956380267507287.0,4716969163547893.0,9.414109355966368e+16,2.4852153748110024e+18
5644.772752741568,3.7006492124744056e+16,2.672735230975424e+18,5171299744503646.0,6593094861371924.0,1984931243365892.0,4786744775439714.0,9.553495402872106e+16,2.521657714197273e+18
5757.7682077964,3.726608630310365e+16,2.7113647019687834e+18,5207575522513443.0,6639344285890243.0,2013744670510978.5,4857182706025943.0,9.69420733781841e+16,2.5584386951025526e+18
5873.023571952328,3.7530621669038e+16,2.750351643831649e+18,5244541783733988.0,6686474034742889.0,2042819147444395.0,4928279606619456.0,9.836238479292333e+16,2.5955565227971487e+18
5990.5840433913745,3.7800171379816936e+16,2.7896941867853916e+18,5282208751186364.0,6734497141662016.0,2072153204442734.8,5000031922293840.0,9.979581728116043e+16,2.633009307104829e+18
6110.495724259202,3.80748081452827e+16,2.829390364387577e+18,5320586585367962.0,6783426560665639.0,2101745306729734.0,5072435897906815.0,1.0124229579218075e+17,2.6707950660994406e+18
6232.805638744386,3.835460412138202e+16,2.869438117497712e+18,5359685369374542.0,6833275147089387.0,2131593857852333.5,5145487584678554.0,1.0270174134518214e+17,2.7089117300721546e+18
6357.5617515192735,3.863963079855679e+16,2.9098352985087995e+18,5399515093304027.0,6884055637702052.0,2161697203250923.2,5219182847313221.0,1.0417407116906469e+17,2.7473571457596073e+18
6484.812986549659,3.892995888497338e+16,2.950579675832198e+18,5440085637938799.0,6935780629901640.0,2192053634012493.2,5293517371648468.0,1.0565919885285848e+17,2.786129080820862e+18
6614.609246280653,3.9225658184587304e+16,2.991668938620771e+18,5481406757706553.0,6988462559991370.0,2222661390793219.8,5368486672812585.0,1.0715703450641045e+17,2.8252252285484677e+18
6747.001431206266,3.952679747006376e+16,3.033100701712573e+18,5523488062922018.0,7042113680539127.0,2253518667894994.5,5444086103864701.0,1.0866748493085104e+17,2.86464321279644e+18
6882.041459830391,3.983344435059448e+16,3.074872510774449e+18,5566339001315772.0,7096746036827525.0,2284623617478129.5,5520310864887939.0,1.1019045379826213e+17,2.9043805931050803e+18
7019.782289026999,4.0145665134677896e+16,3.11698184762194e+18,5609968838858990.0,7152371442406901.0,2315974353890120.0,5597156012500348.0,1.117258418398627e+17,2.9444348699997425e+18
7160.277934807539,4.046352468795356e+16,3.15942613568895e+18,5654386639897251.0,7209001453766934.0,2347568958088026.5,5674616469742663.0,1.1327354704191293e+17,2.98480349043759e+18
7303.58349350369,4.078708628621086e+16,3.202202745617207e+18,5699601246609867.0,7266647344148531.0,2379405482129591.5,5752687036296079.0,1.14833464848423e+17,3.0254838533733903e+18
7449.755163373764,4.111641146371707e+16,3.2453090009324887e+18,5745621257815257.0,7325320076522077.0,2411481953705598.5,5831362398977368.0,1.1640548836963634e+17,3.0664733154121175e+18
7598.85026664124,4.14515598570452e+16,3.288742183771212e+18,5792455007147309.0,7385030275763470.0,2443796380683543.5,5910637142451991.0,1.1798950859512054e+17,3.107769196512999e+18
7750.927271974065,4.179258904460569e+16,3.3324995406175503e+18,5840110540631591.0,7445788200065223.0,2476346755630226.5,5990505760099929.0,1.1958541461018174e+17,3.149368785706339e+18
7906.0458174135465,4.213955438212516e+16,3.376578288007986e+18,5888595593694984.0,7507603711625091.0,2509131060278124.0,6070962664962009.0,1.211930938141853e+17,3.1912693467811133e+18
8064.266733761818,4.249250883434138e+16,3.4209756181566623e+18,5937917567646773.0,7570486246660856.0,2542147269898083.0,6152002200688002.0,1.2281243213922651e+17,3.2334681238981965e+18
8225.652068437053,4.285150280322117e+16,3.4656887044518436e+18,5988083505673688.0,7634444784805514.0,2575393357538363.5,6233618652401560.0,1.2444331426747179e+17,3.275962347080725e+18
8390.265109805794,4.3216583953038056e+16,3.5107147067702697e+18,6039100068396209.0,7699487817943012.0,2608867298087749.5,6315806257389728.0,1.2608562384535293e+17,3.3187492375300623e+18
8558.17041200191,4.358779703268172e+16,3.556050776553363e+18,6090973509038049.0,7765623318550769.0,2642567072118136.0,6398559215519142.0,1.2773924369266939e+17,3.361826012712781e+18
8729.433820241948,4.396518369560126e+16,3.6016940615859405e+18,6143709648264997.0,7832858707620795.0,2676490669459942.5,6481871699274102.0,1.2940405600452685e+17,3.4051898911611935e+18
8904.122496646787,4.434878231782057e+16,3.6476417104157967e+18,6197313848754214.0,7901200822237032.0,2710636092461899.5,6565737863306289.0,1.3107994254392104e+17,3.4488380969273006e+18
9082.304946579723,4.473862781448927e+16,3.6938908763496776e+18,6251790989559084.0,7970655882892104.0,2745001358884913.5,6650151853379913.0,1.3276678482265896e+17,3.4927678636278175e+18
9264.051045511318,4.513475145546711e+16,3.7404387209591096e+18,6307145440338920.0,8041229460631686.0,2779584504378497.0,6735107814591080.0,1.3446446426820933e+17,3.5369764380154906e+18
9449.432066421545,4.553718068046505e+16,3.7872824170278523e+18,6363381035526670.0,8112926444120020.0,2814383584486996.5,6820599898735717.0,1.3617286237397603e+17,3.5814610830105436e+18
9638.520707749976,4.5945938914292504e+16,3.8344191508712817e+18,6420501048511507.0,8185751006724081.0,2849396676132160.0,6906622270696218.0,1.3789186083041227e+17,3.626219080124519e+18
9831.391121904975,4.636104538278183e+16,3.881846123957071e+18,6478508165916100.0,8259706573718840.0,2884621878518382.5,6993169113714311.0,1.3962134163432582e+17,3.6712477312080947e+18
10028.118944343074,4.678251492998386e+16,3.929560553756278e+18,6537404462051378.0,8334795789718500.0,2920057313406747.5,7080234633414942.0,1.4136118717367872e+17,3.7165443594540196e+18
10228.781323229936,4.7210357837242184e+16,3.97755967375428e+18,6597191373633987.0,8411020486442834.0,2955701124704925.5,7167813060445268.0,1.4311128028516142e+17,3.762106309586646e+18
10433.456949694535,4.764457964476835e+16,4.02584073255167e+18,6657869674853141.0,8488381650928898.0,2991551477320716.0,7255898651592784.0,1.448715042818141e+17,3.807930947170391e+18
10642.226088688425,4.808518097635053e+16,4.0744009919871043e+18,6719439452875277.0,8566879394300965.0,3027606555229066.0,7344485689247413.0,1.4664174294799338e+17,3.854015656971113e+18
10855.170610462194,4.853215736782936e+16,4.1232377242164874e+18,6781900083875278.0,8646512921211820.0,3063864558704386.0,7433568479075930.0,1.4842188049902694e+17,3.900357840306763e+18
11072.374022671438,4.898549909997987e+16,4.172348207685833e+18,6845250209683342.0,8727280500068819.0,3100323700672950.0,7523141345780426.0,1.5021180150298483e+17,3.946954911326665e+18
11293.921503124868,4.9445191036430136e+16,4.221729721939879e+18,6909487715135640.0,8809179434157499.0,3136982202143993.0,7613198626818643.0,1.5201139076210045e+17,3.993804292163096e+18
11519.899933187366,4.991121246724096e+16,4.2713795412127544e+18,6974609706216116.0,8892206033773609.0,3173838286681935.0,7703734663971831.0,1.5382053315152253e+17,4.040903406903343e+18
11750.397931851114,5.038353695875534e+16,4.3212949267536317e+18,7040612489074396.0,8976355589472192.0,3210890173887711.0,7794743792654242.0,1.556391134132633e+17,4.088249674336531e+18
11985.505890488137,5.086213221030852e+16,4.3714731178469663e+18,7107491550002406.0,9061622346539114.0,3248136071862346.5,7886220328870309.0,1.5746701590341542e+17,4.1358404994359716e+18
12225.3160082979,5.134695991836591e+16,4.421911321494644e+18,7175241536448971.0,9147999480785708.0,3285574168632755.0,7978158553738025.0,1.5930412429098346e+17,4.183673263545689e+18
12469.922328463857,5.183797564862859e+16,4.4726067007366205e+18,7243856239147753.0,9235479075763052.0,3323202622526713.0,8070552695512089.0,1.6115032120694307e+17,4.231745313248103e+18
12719.420775033135,5.233512871661048e+16,4.523556361596094e+18,7313328575429158.0,9324052101485678.0,3361019551491668.0,8163396909057190.0,1.6300548784250346e+17,4.2800539478995154e+18
12973.909190533797,5.283836207715996e+16,4.5747573386460913e+18,7383650573781969.0,9413708394748580.0,3399023021360855.5,8256685252740600.0,1.6486950349589053e+17,4.3285964058304113e+18
13233.487374344473,5.334761222335374e+16,4.626206579206006e+18,7454813359724770.0,9504436641114214.0,3437211033078799.0,8350411662733228.0,1.6674224506739216e+17,4.3773698492186127e+18
13498.257121831362,5.38628090951488e+16,4.677900926188831e+18,7526807143040974.0,9596224358637788.0,3475581508908402.5,8444569924731105.0,1.686235865028341e+17,4.4263713476555244e+18
13768.32226426799,5.4383875998132024e+16,4.729837099633015e+18,7599621206424858.0,9689057883391884.0,3514132277651572.0,8539153643132273.0,1.7051339818613757e+17,4.475597860438143e+18
14043.78870955335,5.491072953266002e+16,4.782011676966537e+18,7673243895579512.0,9782922356841856.0,3552861058925875.5,8634156207729788.0,1.724115462820971e+17,4.525046217632696e+18
14324.764483744417,5.544327953362773e+16,4.834421072064794e+18,7747662610800087.0,9877801715115006.0,3591765446550688.5,8729570758007213.0,1.7431789203105114e+17,4.5747130999696456e+18
14611.359773419306,5.598142902105711e+16,4.88706151317857e+18,7822863800069196.0,9973678680197662.0,3630842891106992.5,8825390145150527.0,1.7623229099765235e+17,4.624595017643341e+18
14903.686968887692,5.6525074161646344e+16,4.939929019822773e+18,7898832953683545.0,1.0070534753084532e+16,3670090681745987.5,8921606891917922.0,1.7815459227650458e+17,4.674688288104188e+18
15201.860708265447,5.7074104241365464e+16,4.993019378731404e+18,7975554600424681.0,1.0168350208896606e+16,3709505927332769.5,9018213150537580.0,1.800846376579942e+17,4.724989012944853e+18
15505.997922430757,5.762840164913994e+16,5.046328118998582e+18,8053012305278770.0,1.0267104093974232e+16,3749085537021701.0,9115200658830594.0,1.820222607582105e+17,4.775493053996123e+18
15816.217880879372,5.818784187161412e+16,5.099850486539473e+18,8131188668704952.0,1.036677422494402e+16,3788826200370545.5,9212560694785388.0,1.839672861174e+17,4.826196008761655e+18
16132.64223849696,5.875229349894102e+16,5.153581418018486e+18,8210065327444354.0,1.0467337189750674e+16,3828724367110025.5,9310284029835382.0,1.8591952827194698e+17,4.877093185333461e+18
16455.3950832669,5.932161824150686e+16,5.20751551440454e+18,8289622956857292.0,1.0568768350636588e+16,3868776226694626.5,9408360881118594.0,1.8787879080538698e+17,4.928179576942348e+18
16784.602984932237,5.9895670957458296e+16,5.261647014325078e+18,8369841274769768.0,1.0671041849046034e+16,3908977687768380.0,9506780863021232.0,1.8984486538444982e+17,4.97944983630856e+18
17120.39504463088,6.047429969086923e+16,5.315969767400537e+18,8450699046807146.0,1.0774130612425334e+16,3949324357686708.0,9605532938329862.0,1.918175307865736e+17,5.030898249967852e+18
17462.9029455235,6.105734572035722e+16,5.370477207750368e+18,8532174093187610.0,1.0878006362884122e+16,3989811522241401.5,9704605369336374.0,1.9379655192573658e+17,5.082518712756627e+18
17812.26100443397,6.164464361793431e+16,5.425162327868458e+18,8614243296946215.0,1.0982639627680522e+16,4030434125740260.0,9803985669256916.0,1.9578167888379578e+17,5.134304702647108e+18
18168.60622452265,6.223602131786468e+16,5.480017653071986e+18,8696882613556925.0,1.1087999751488808e+16,4071186751596568.5,9903660554339532.0,1.97772645954803e+17,5.186249256128342e+18
18532.078349013103,6.283130019528772e+16,5.535035216730971e+18,8780067081919575.0,1.1194054910407034e+16,4112063603585287.0,1.00036158970464e+16,1.9976917070999696e+17,5.238344944332726e+18
18902.819915993365,6.343029515436283e+16,5.590206536487461e+18,8863770836677191.0,1.1300772127661032e+16,4153058487922938.0,1.0103836680702158e+16,2.017709530912885e+17,5.290583850108853e+18
19280.976314313233,6.403281472569413e+16,5.645522591673102e+18,8947967121830091.0,1.140811729096159e+16,4194164796327157.5,1.0204306956003542e+16,2.0377767454115318e+17,5.342957546241133e+18
19666.6958405995,6.463866117280077e+16,5.700973802130583e+18,9032628305614302.0,1.1516055171473472e+16,4235375490208572.5,1.0305009799783908e+16,2.0578899717679018e+17,5.3954570750139e+18
20060.12975741149,6.52476306074156e+16,5.756550008640309e+18,9117725896613218.0,1.1624549444357022e+16,4276683086143383.5,1.04059272764204e+16,2.0780456301634467e+17,5.448072929313026e+18
20461.43235255972,6.585951311341199e+16,5.812240455146158e+18,9203230561075352.0,1.1733562710847134e+16,4318079642768535.0,1.0507040402262706e+16,2.0982399326477088e+17,5.500795035451014e+18
20870.760999610917,6.647409287918876e+16,5.868033772964936e+18,9289112141413772.0,1.1843056521839084e+16,4359556749233849.5,1.0608329113447964e+16,2.1184688766668262e+17,5.553612737893138e+18
21288.276219603136,6.709114833837227e+16,5.923917967153993e+18,9375339675867880.0,1.1952991402956022e+16,4401105515336241.5,1.0709772237449202e+16,2.1387282393316042e+17,5.606514786050848e+18
21714.1417439952,6.7710452318731704e+16,5.979880405197092e+18,9461881419312932.0,1.2063326881080004e+16,4442716563450661.0,1.0811347468682684e+16,2.1590135724908624e+17,5.659489323296742e+18
22148.5245788751,6.833177219924612e+16,6.03590780815523e+18,9548704865208554.0,1.2174021512335006e+16,4484380022360807.5,1.0913031348475234e+16,2.1793201986707354e+17,5.712523878340526e+18
22591.595070452604,6.8954870075301736e+16,6.091986244412337e+18,9635776768683658.0,1.2285032911518804e+16,4526085523079859.0,1.1014799249664152e+16,2.19964320793504e+17,5.765605359090584e+18
23043.52697186166,6.957950293205166e+16,6.148101126128494e+18,9723063170761558.0,1.2396317782988582e+16,4567822196738076.0,1.1116625366071546e+16,2.219977455715762e+17,5.818720049108304e+18
23504.49751129889,7.0205422826010984e+16,6.204237208495032e+18,9810529423736390.0,1.2507831953014358e+16,4609578674600063.0,1.1218482707061572e+16,2.24031756165605e+17,5.871853606745e+18
23974.687461524867,7.083237707501935e+16,6.260378591866796e+18,9898140217718268.0,1.261953040362257e+16,4651343090259674.0,1.132034309735443e+16,2.260657909501203e+17,5.924991067032703e+18
24454.281210755365,7.146010845674293e+16,6.316508726827094e+18,9985859608372324.0,1.273136730796142e+16,4693103084046077.0,1.1422177182234376e+16,2.2809926480657357e+17,5.978116846381158e+18
24943.466834970473,7.208835541594774e+16,6.372610422221207e+18,1.0073651045882864e+16,1.284329606722886e+16,4734845809659663.0,1.1523954438251572e+16,2.301315693297409e+17,6.031214750114498e+18
25442.436171669884,7.271685228081254e+16,6.428665856174962e+18,1.016147740518125e+16,1.2955269349210974e+16,4776557943041661.0,1.1625643189480736e+16,2.3216207314513693e+17,6.084267982862104e+18
25951.38489510328,7.334532948860248e+16,6.484656590095e+18,1.0249301017481496e+16,1.3067239128488014e+16,4818225693467793.0,1.172721062936206e+16,2.341901223380257e+17,6.13725916179957e+18
26470.512593005347,7.39735138210565e+16,6.540563585629404e+18,1.0337083703173354e+16,1.3179156728371348e+16,4859834816841999.0,1.1828622848112962e+16,2.3621504099387376e+17,6.190170332717979e+18
27000.022844865456,7.460112864987974e+16,6.596367224549142e+18,1.0424786806127642e+16,1.3290972864640412e+16,4901370631154200.0,1.1929844865664898e+16,2.3823613184938182e+17,6.242982988882295e+18
27540.123301762767,7.522789419275934e+16,6.652047331494186e+18,1.0512371229471796e+16,1.3402637691154504e+16,4942818034053597.0,1.2030840670044936e+16,2.402526770525568e+17,6.295678092624133e+18
28091.025767798023,7.58535277803363e+16,6.707583199512549e+18,1.0599797472896794e+16,1.3514100847416844e+16,4984161522478489.0,1.2131573261090438e+16,2.4226393902964048e+17,6.348236099598689e+18
28652.946283153982,7.647774413458493e+16,6.762953618306822e+18,1.0687025671557836e+16,1.36253115081706e+16,5025385214273576.0,1.2232004699356322e+16,2.4426916145612746e+17,6.400636985622745e+18
29226.10520881706,7.71002556590439e+16,6.818136905089146e+18,1.0774015636631406e+16,1.3736218435106638e+16,5066472871717188.0,1.2332096160046338e+16,2.4626757032855027e+17,6.452860275998042e+18
29810.727312993404,7.77207727413399e+16,6.873110937935671e+18,1.0860726897590066e+16,1.3846770030761276e+16,5107407926873409.0,1.243180799177739e+16,2.482583751332298e+17,6.504885077214114e+18
30407.041859253273,7.833900406842037e+16,6.927853191520815e+18,1.0947118746253084e+16,1.3956914394678384e+16,5148173508677515.0,1.2531099779963156e+16,2.502407701077507e+17,6.55669011091507e+18
31015.28269643834,7.895465695488008e+16,6.982340775104195e+18,1.1033150282666926e+16,1.4066599381903952e+16,5188752471658536.0,1.2629930414585648e+16,2.522139355905512e+17,6.608253750007934e+18
31635.688350367105,7.956743768472443e+16,7.036550472636295e+18,1.1118780462863448e+16,1.4175772663874922e+16,5229127426198072.0,1.2728258162108102e+16,2.541770394536922e+17,6.659554056782835e+18
32268.502117374446,8.017705186685072e+16,7.09045878484392e+18,1.1203968148534854e+16,1.4284381791751956e+16,5269280770221844.0,1.2826040741268702e+16,2.56129238613615e+17,6.71056882291169e+18
32913.97215972193,8.078320480446562e+16,7.144041973151997e+18,1.1288672158656232e+16,1.4392374262234738e+16,5309194722218113.0,1.2923235402485824e+16,2.580696806144795e+17,6.761275611187459e+18
33572.35160291637,8.13856018785705e+16,7.197276105296183e+18,1.137285132307403e+16,1.449969758588422e+16,5348851355475861.0,1.3019799010596508e+16,2.5999750527851334e+17,6.81165179886408e+18
34243.8986349747,8.198394894556003e+16,7.250137102478487e+18,1.1456464538066438e+16,1.4606299357958532e+16,5388232633434821.0,1.3115688130644752e+16,2.6191184641768477e+17,6.861674622455141e+18
34928.876607674196,8.257795274886854e+16,7.302600787917154e+18,1.1539470823867126e+16,1.4712127331752428e+16,5427320446039243.0,1.3210859116432412e+16,2.6381183360093584e+17,6.911321223849264e+18
35627.554139827684,8.316732134449342e+16,7.354642936641809e+18,1.1621829384127918e+16,1.4817129494408454e+16,5466096646987586.0,1.3305268201542804e+16,2.6569659397113715e+17,6.960568697599116e+18
36340.20522262424,8.375176454009643e+16,7.406239326384828e+18,1.1703499667278968e+16,1.4921254145147372e+16,5504543091770692.0,1.339887159254647e+16,2.675652541059434e+17,7.009394139242043e+18
37067.10932707672,8.433099434725277e+16,7.457365789420253e+18,1.1784441429726248e+16,1.5024449975841262e+16,5542641676391501.0,1.349162556409816e+16,2.6941694191668243e+17,7.057774694510251e+18
37808.55151361826,8.490472544628694e+16,7.507998265202187e+18,1.1864614800807752e+16,1.512666615382853e+16,5580374376659982.0,1.3583486555634428e+16,2.7125078857943862e+17,7.105687609289528e+18
38564.82254389062,8.547267566298198e+16,7.558112853654882e+18,1.1943980349409134e+16,1.5227852406844822e+16,5617723287957294.0,1.367441126938233e+16,2.73065930492502e+17,7.153110280185804e+18
39336.21899476844,8.603456645631058e+16,7.607685868966859e+18,1.2022499152119198e+16,1.5327959109917206e+16,5654670665363333.0,1.3764356769389984e+16,2.7486151125437443e+17,7.200020305559383e+18
40123.04337466381,8.659012341618064e+16,7.656693893741847e+18,1.210013286278529e+16,1.5426937374042876e+16,5691198964041757.0,1.3853280581290578e+16,2.7663668365651472e+17,7.246395536886984e+18
40925.60424215708,8.713907677004446e+16,7.70511383335825e+18,1.2176843783306736e+16,1.5524739136446524e+16,5727290879776051.0,1.3941140792511522e+16,2.7839061168504016e+17,7.292214130311136e+18
41744.21632700023,8.768116189706394e+16,7.752922970388452e+18,1.225259493548465e+16,1.5621317252184504e+16,5762929389549166.0,1.4027896152639526e+16,2.801224725255719e+17,7.33745459823596e+18
42579.20065354023,8.821611984838557e+16,7.80009901892771e+18,1.232735013372524e+16,1.571662558683688e+16,5798097792058123.0,1.411350617365202e+16,2.8183145856539373e+17,7.38209586082767e+18
43430.88466661104,8.874369787193019e+16,7.846620178680626e+18,1.2401074058374066e+16,1.58106191100044e+16,5832779748053097.0,1.4197931229722378e+16,2.835167793870669e+17,7.426117297275471e+18
44299.60235994326,8.926364993996754e+16,7.892465188650596e+18,1.2473732329439578e+16,1.5903253989301294e+16,5866959320388363.0,1.4281132656304662e+16,2.851776637475966e+17,7.469498796667616e+18
45185.694407142124,8.977573727761798e+16,7.937613380275448e+18,1.2545291580445928e+16,1.5994487684512998e+16,5900621013670032.0,1.4363072848199528e+16,2.8681336153716045e+17,7.512220808333833e+18
46089.50829528497,9.027972889029382e+16,7.982044729848444e+18,1.261571953213795e+16,1.608427904156579e+16,5933749813382686.0,1.4443715356299168e+16,2.884231457113574e+17,7.554264391503406e+18
47011.39846119067,9.077540208799202e+16,8.025739910061548e+18,1.2684985065745928e+16,1.6172588385934456e+16,5966331224374091.0,1.4523024982704404e+16,2.90006314190836e+17,7.595611264123953e+18
47951.726430414485,9.12625430042372e+16,8.068680340503093e+18,1.2753058295502792e+16,1.6259377615097616e+16,5998351308573933.0,1.4600967873902282e+16,2.915621917220651e+17,7.636243850683714e+18
48910.86095902277,9.174094710739166e+16,8.110848236939389e+18,1.2819910640094776e+16,1.6344610289632768e+16,6029796721819589.0,1.4677511611687218e+16,2.9309013169291117e+17,7.676145328875848e+18
49889.17817820323,9.22104197019685e+16,8.152226659205628e+18,1.2885514892715134e+16,1.6428251722530374e+16,6060654749658704.0,1.4752625301503762e+16,2.945895178966059e+17,7.715299674940631e+18
50887.06174176729,9.267077641752462e+16,8.192799557528441e+18,1.2949845289381994e+16,1.6510269066295152e+16,6090913341995748.0,1.4826279657884386e+16,2.960597662375672e+17,7.753691707517787e+18
51904.902976602636,9.312184368265507e+16,8.232551817099545e+18,1.301287757517478e+16,1.6590631397393246e+16,6120561146447004.0,1.4898447086651492e+16,2.97500326372488e+17,7.791307129838743e+18
52943.10103613469,9.35634591815896e+16,8.271469300717621e+18,1.3074589068038784e+16,1.666930979759916e+16,6149587540266655.0,1.4969101763549664e+16,2.989106832800252e+17,7.828132570086546e+18
54002.06305685739,9.399547229085854e+16,8.30953888931366e+18,1.313495871980537e+16,1.6746277431792834e+16,6177982660704920.0,1.5038219708971658e+16,3.00290358752387e+17,7.864155619749152e+18
55082.20431799454,9.441774449351309e+16,8.346748520174886e+18,1.3193967174074874e+16,1.68215096217567e+16,6205737433658672.0,1.5105778858441976e+16,3.016389128021057e+17,7.899364869791328e+18
56183.94840435443,9.483014976838546e+16,8.383087222681619e+18,1.3251596820612138e+16,1.6894983915526736e+16,6232843600474614.0,1.5171759128520898e+16,3.0295594497730086e+17,7.933749944470796e+18
57307.72737244152,9.523257495192011e+16,8.41854515137402e+18,1.3307831845908916e+16,1.6966680151856208e+16,6259293742766500.0,1.5236142477797204e+16,3.04241095578805e+17,7.967301532624955e+18
58453.98191989035,9.562492007015262e+16,8.453113616166918e+18,1.3362658279574646e+16,1.7036580519361272e+16,6285081305109153.0,1.5298912962640786e+16,3.054940467726067e+17,8.000011416257467e+18
59623.16155828816,9.600709863848693e+16,8.486785109536234e+18,1.341606403622742e+16,1.7104669609929144e+16,6310200615475438.0,1.536005678739478e+16,3.067145235912451e+17,8.031872496257487e+18
60815.72478945392,9.637903792700502e+16,8.519553330504922e+18,1.3468038952568406e+16,1.717093446598597e+16,6334646903286231.0,1.5419562348697004e+16,3.079022948179593e+17,8.062878815089412e+18
62032.139285243,9.674067918915454e+16,8.551413205263761e+18,1.3518574819338748e+16,1.7235364621239596e+16,6358416314948610.0,1.5477420273632878e+16,3.0905717374767206e+17,8.093025576297774e+18
63272.88207094786,9.709197785178163e+16,8.582360904271178e+18,1.3567665407874816e+16,1.7297952134536028e+16,6381505926763884.0,1.5533623451437116e+16,3.101790188191872e+17,8.122309160679592e+18
64538.43971236682,9.743290366461765e+16,8.612393855685665e+18,1.361530649099749e+16,1.735869161649196e+16,6403913755095138.0,1.5588167058481462e+16,3.112677341133516e+17,8.150727138986637e+18
65829.30850661415,9.776344080749467e+16,8.64151075499715e+18,1.3661495857994576e+16,1.74175802485963e+16,6425638763692293.0,1.5641048576305412e+16,3.123232697123629e+17,8.178278281030716e+18
67145.99467674643,9.80835879537352e+16,8.669711570736388e+18,1.3706233323478668e+16,1.747461779450351e+16,6446680868083457.0,1.569226780247282e+16,3.1334562191588486e+17,8.20496256107823e+18
68489.01457028136,9.839335828836176e+16,8.696997546156982e+18,1.3749520729931986e+16,1.7529806603278032e+16,6467040936952535.0,1.574182685406341e+16,3.143348333101873e+17,8.230781159434204e+18
69858.89486168699,9.869277947998222e+16,8.723371196801348e+18,1.3791361943777634e+16,1.7583151604385264e+16,6486720790435395.0,1.5789730163639992e+16,3.152909926871196e+17,8.255736460132001e+18
71256.17275892073,9.898189360543374e+16,8.748836303879949e+18,1.383176284484904e+16,1.7634660294265956e+16,6505723195281267.0,1.5835984467563532e+16,3.1621423481040294e+17,8.279832044662154e+18
72681.39621409915,9.926075702650702e+16,8.773397903412873e+18,1.3870731309163642e+16,1.7684342714373406e+16,6524051856840243.0,1.5880598786565554e+16,3.171047400274136e+17,8.30307268169202e+18
74135.12413838113,9.952944021833197e+16,8.797062271103941e+18,1.3908277184941294e+16,1.7732211420598494e+16,6541711407854058.0,1.5923584398524284e+16,3.179627337254155e+17,8.325464312748277e+18
75617.92662114876,9.978802754926824e+16,8.819836902939577e+18,1.3944412261846182e+16,1.7778281444055092e+16,6558707394043808.0,1.5964954803432128e+16,3.187884856319872e+17,8.347014033854941e+18
77130.38515357173,1.0003661701242422e+17,8.841730491528127e+18,1.3979150233469068e+16,1.7822570243246994e+16,6575046256505860.0,1.600472568058364e+16,3.19582308960237e+17,8.367730073141654e+18
78673.09285664317,1.0027531990921243e+17,8.86275289821928e+18,1.4012506653107364e+16,1.7865097647690354e+16,6590735310945441.0,1.6042914838058258e+16,3.2034455940028154e+17,8.387621764459993e+18
80246.65471377604,1.0050426048564267e+17,8.882915121068435e+18,1.4044498882940568e+16,1.7905885793115288e+16,6605782723796164.0,1.6079542154616188e+16,3.2107563395936506e+17,8.406699517068952e+18
81851.68780805156,1.0072357552235203e+17,8.902229258735822e+18,1.4075146036740854e+16,1.7944959048425668e+16,6620197485292864.0,1.611462951417275e+16,3.2177596965390784e+17,8.424974781474935e+18
83488.82156421259,1.0093341387967088e+17,8.920708470436907e+18,1.4104468916300518e+16,1.7982343934647556e+16,6633989379584344.0,1.614820073306383e+16,3.2244604205773696e+17,8.442460011535911e+18
85158.69799549684,1.0113393599932222e+17,8.938366932085221e+18,1.4132489941799344e+16,1.8018069036152148e+16,6647168951992484.0,1.6180281480361508e+16,3.2308636371166144e+17,8.459168622963929e+18
86861.97195540679,1.0113393599932222e+17,8.938366932085221e+18,1.4132489941799344e+16,1.8018069036152148e+16,6647168951992484.0,1.6180281480361508e+16,3.2308636371166144e+17,8.459168622963929e+18
88599.31139451492,1.013288900909078e+17,8.955534755892217e+18,1.4159732889253942e+16,1.80528021354769e+16,6659982558581793.0,1.6211471418444192e+16,3.237089038360921e+17,8.475412972963456e+18
90371.39762240522,1.013288900909078e+17,8.955534755892217e+18,1.4159732889253942e+16,1.80528021354769e+16,6659982558581793.0,1.6211471418444192e+16,3.237089038360921e+17,8.475412972963456e+18
92178.92557485332,1.013288900909078e+17,8.955534755892217e+18,1.4159732889253942e+16,1.80528021354769e+16,6659982558581793.0,1.6211471418444192e+16,3.237089038360921e+17,8.475412972963456e+18
94022.60408635039,1.013288900909078e+17,8.955534755892217e+18,1.4159732889253942e+16,1.80528021354769e+16,6659982558581793.0,1.6211471418444192e+16,3.237089038360921e+17,8.475412972963456e+18
95903.1561680774,1.013288900909078e+17,8.955534755892217e+18,1.4159732889253942e+16,1.80528021354769e+16,6659982558581793.0,1.6211471418444192e+16,3.237089038360921e+17,8.475412972963456e+18
97821.31929143895,1.013288900909078e+17,8.955534755892217e+18,1.4159732889253942e+16,1.80528021354769e+16,6659982558581793.0,1.6211471418444192e+16,3.237089038360921e+17,8.475412972963456e+18
99777.84567726773,1.013288900909078e+17,8.955534755892217e+18,1.4159732889253942e+16,1.80528021354769e+16,6659982558581793.0,1.6211471418444192e+16,3.237089038360921e+17,8.475412972963456e+18
101773.50259081309,1.013288900909078e+17,8.955534755892217e+18,1.4159732889253942e+16,1.80528021354769e+16,6659982558581793.0,1.6211471418444192e+16,3.237089038360921e+17,8.475412972963456e+18
103809.07264262935,1.013288900909078e+17,8.955534755892217e+18,1.4159732889253942e+16,1.80528021354769e+16,6659982558581793.0,1.6211471418444192e+16,3.237089038360921e+17,8.475412972963456e+18
105885.35409548195,1.013288900909078e+17,8.955534755892217e+18,1.4159732889253942e+16,1.80528021354769e+16,6659982558581793.0,1.6211471418444192e+16,3.237089038360921e+17,8.475412972963456e+18
108003.1611773916,1.013288900909078e+17,8.955534755892217e+18,1.4159732889253942e+16,1.80528021354769e+16,6659982558581793.0,1.6211471418444192e+16,3.237089038360921e+17,8.475412972963456e+18
110163.32440093943,1.013288900909078e+17,8.955534755892217e+18,1.4159732889253942e+16,1.80528021354769e+16,6659982558581793.0,1.6211471418444192e+16,3.237089038360921e+17,8.475412972963456e+18
112366.69088895821,1.013288900909078e+17,8.955534755892217e+18,1.4159732889253942e+16,1.80528021354769e+16,6659982558581793.0,1.6211471418444192e+16,3.237089038360921e+17,8.475412972963456e+18
114614.12470673738,1.013288900909078e+17,8.955534755892217e+18,1.4159732889253942e+16,1.80528021354769e+16,6659982558581793.0,1.6211471418444192e+16,3.237089038360921e+17,8.475412972963456e+18
116906.50720087213,1.013288900909078e+17,8.955534755892217e+18,1.4159732889253942e+16,1.80528021354769e+16,6659982558581793.0,1.6211471418444192e+16,3.237089038360921e+17,8.475412972963456e+18
119244.73734488958,1.013288900909078e+17,8.955534755892217e+18,1.4159732889253942e+16,1.80528021354769e+16,6659982558581793.0,1.6211471418444192e+16,3.237089038360921e+17,8.475412972963456e+18
121629.73209178737,1.013288900909078e+17,8.955534755892217e+18,1.4159732889253942e+16,1.80528021354769e+16,6659982558581793.0,1.6211471418444192e+16,3.237089038360921e+17,8.475412972963456e+18
124062.42673362313,1.013288900909078e+17,8.955534755892217e+18,1.4159732889253942e+16,1.80528021354769e+16,6659982558581793.0,1.6211471418444192e+16,3.237089038360921e+17,8.475412972963456e+18
126543.77526829559,1.013288900909078e+17,8.955534755892217e+18,1.4159732889253942e+16,1.80528021354769e+16,6659982558581793.0,1.6211471418444192e+16,3.237089038360921e+17,8.475412972963456e+18
129074.75077366151,1.013288900909078e+17,8.955534755892217e+18,1.4159732889253942e+16,1.80528021354769e+16,6659982558581793.0,1.6211471418444192e+16,3.237089038360921e+17,8.475412972963456e+18
131656.34578913474,1.013288900909078e+17,8.955534755892217e+18,1.4159732889253942e+16,1.80528021354769e+16,6659982558581793.0,1.6211471418444192e+16,3.237089038360921e+17,8.475412972963456e+18
134289.57270491743,1.013288900909078e+17,8.955534755892217e+18,1.4159732889253942e+16,1.80528021354769e+16,6659982558581793.0,1.6211471418444192e+16,3.237089038360921e+17,8.475412972963456e+18
136975.46415901577,1.013288900909078e+17,8.955534755892217e+18,1.4159732889253942e+16,1.80528021354769e+16,6659982558581793.0,1.6211471418444192e+16,3.237089038360921e+17,8.475412972963456e+18
139715.0734421961,1.013288900909078e+17,8.955534755892217e+18,1.4159732889253942e+16,1.80528021354769e+16,6659982558581793.0,1.6211471418444192e+16,3.237089038360921e+17,8.475412972963456e+18
142509.47491104002,1.013288900909078e+17,8.955534755892217e+18,1.4159732889253942e+16,1.80528021354769e+16,6659982558581793.0,1.6211471418444192e+16,3.237089038360921e+17,8.475412972963456e+18
145359.76440926082,1.013288900909078e+17,8.955534755892217e+18,1.4159732889253942e+16,1.80528021354769e+16,6659982558581793.0,1.6211471418444192e+16,3.237089038360921e+17,8.475412972963456e+18
148267.05969744603,1.013288900909078e+17,8.955534755892217e+18,1.4159732889253942e+16,1.80528021354769e+16,6659982558581793.0,1.6211471418444192e+16,3.237089038360921e+17,8.475412972963456e+18
151232.50089139497,1.013288900909078e+17,8.955534755892217e+18,1.4159732889253942e+16,1.80528021354769e+16,6659982558581793.0,1.6211471418444192e+16,3.237089038360921e+17,8.475412972963456e+18
154257.25090922287,1.013288900909078e+17,8.955534755892217e+18,1.4159732889253942e+16,1.80528021354769e+16,6659982558581793.0,1.6211471418444192e+16,3.237089038360921e+17,8.475412972963456e+18
157342.49592740732,1.013288900909078e+17,8.955534755892217e+18,1.4159732889253942e+16,1.80528021354769e+16,6659982558581793.0,1.6211471418444192e+16,3.237089038360921e+17,8.475412972963456e+18
160489.44584595546,1.013288900909078e+17,8.955534755892217e+18,1.4159732889253942e+16,1.80528021354769e+16,6659982558581793.0,1.6211471418444192e+16,3.237089038360921e+17,8.475412972963456e+18
163699.33476287458,1.013288900909078e+17,8.955534755892217e+18,1.4159732889253942e+16,1.80528021354769e+16,6659982558581793.0,1.6211471418444192e+16,3.237089038360921e+17,8.475412972963456e+18
166973.42145813207,1.013288900909078e+17,8.955534755892217e+18,1.4159732889253942e+16,1.80528021354769e+16,6659982558581793.0,1.6211471418444192e+16,3.237089038360921e+17,8.475412972963456e+18
170312.9898872947,1.013288900909078e+17,8.955534755892217e+18,1.4159732889253942e+16,1.80528021354769e+16,6659982558581793.0,1.6211471418444192e+16,3.237089038360921e+17,8.475412972963456e+18
173719.3496850406,1.013288900909078e+17,8.955534755892217e+18,1.4159732889253942e+16,1.80528021354769e+16,6659982558581793.0,1.6211471418444192e+16,3.237089038360921e+17,8.475412972963456e+18
177193.8366787414,1.013288900909078e+17,8.955534755892217e+18,1.4159732889253942e+16,1.80528021354769e+16,6659982558581793.0,1.6211471418444192e+16,3.237089038360921e+17,8.475412972963456e+18
180737.81341231623,1.013288900909078e+17,8.955534755892217e+18,1.4159732889253942e+16,1.80528021354769e+16,6659982558581793.0,1.6211471418444192e+16,3.237089038360921e+17,8.475412972963456e+18
184352.66968056257,1.013288900909078e+17,8.955534755892217e+18,1.4159732889253942e+16,1.80528021354769e+16,6659982558581793.0,1.6211471418444192e+16,3.237089038360921e+17,8.475412972963456e+18
188039.82307417382,1.013288900909078e+17,8.955534755892217e+18,1.4159732889253942e+16,1.80528021354769e+16,6659982558581793.0,1.6211471418444192e+16,3.237089038360921e+17,8.475412972963456e+18
191800.7195356573,1.013288900909078e+17,8.955534755892217e+18,1.4159732889253942e+16,1.80528021354769e+16,6659982558581793.0,1.6211471418444192e+16,3.237089038360921e+17,8.475412972963456e+18
195636.83392637043,1.013288900909078e+17,8.955534755892217e+18,1.4159732889253942e+16,1.80528021354769e+16,6659982558581793.0,1.6211471418444192e+16,3.237089038360921e+17,8.475412972963456e+18
199549.67060489784,1.013288900909078e+17,8.955534755892217e+18,1.4159732889253942e+16,1.80528021354769e+16,6659982558581793.0,1.6211471418444192e+16,3.237089038360921e+17,8.475412972963456e+18
203540.7640169958,1.013288900909078e+17,8.955534755892217e+18,1.4159732889253942e+16,1.80528021354769e+16,6659982558581793.0,1.6211471418444192e+16,3.237089038360921e+17,8.475412972963456e+18
207611.6792973357,1.013288900909078e+17,8.955534755892217e+18,1.4159732889253942e+16,1.80528021354769e+16,6659982558581793.0,1.6211471418444192e+16,3.237089038360921e+17,8.475412972963456e+18
211764.0128832824,1.013288900909078e+17,8.955534755892217e+18,1.4159732889253942e+16,1.80528021354769e+16,6659982558581793.0,1.6211471418444192e+16,3.237089038360921e+17,8.475412972963456e+18
215999.39314094806,1.013288900909078e+17,8.955534755892217e+18,1.4159732889253942e+16,1.80528021354769e+16,6659982558581793.0,1.6211471418444192e+16,3.237089038360921e+17,8.475412972963456e+18
220319.48100376702,1.013288900909078e+17,8.955534755892217e+18,1.4159732889253942e+16,1.80528021354769e+16,6659982558581793.0,1.6211471418444192e+16,3.237089038360921e+17,8.475412972963456e+18
224725.97062384238,1.013288900909078e+17,8.955534755892217e+18,1.4159732889253942e+16,1.80528021354769e+16,6659982558581793.0,1.6211471418444192e+16,3.237089038360921e+17,8.475412972963456e+18
229220.59003631922,1.013288900909078e+17,8.955534755892217e+18,1.4159732889253942e+16,1.80528021354769e+16,6659982558581793.0,1.6211471418444192e+16,3.237089038360921e+17,8.475412972963456e+18
233805.1018370456,1.013288900909078e+17,8.955534755892217e+18,1.4159732889253942e+16,1.80528021354769e+16,6659982558581793.0,1.6211471418444192e+16,3.237089038360921e+17,8.475412972963456e+18
238481.30387378653,1.013288900909078e+17,8.955534755892217e+18,1.4159732889253942e+16,1.80528021354769e+16,6659982558581793.0,1.6211471418444192e+16,3.237089038360921e+17,8.475412972963456e+18
243251.02995126226,1.013288900909078e+17,8.955534755892217e+18,1.4159732889253942e+16,1.80528021354769e+16,6659982558581793.0,1.6211471418444192e+16,3.237089038360921e+17,8.475412972963456e+18
248116.1505502875,1.013288900909078e+17,8.955534755892217e+18,1.4159732889253942e+16,1.80528021354769e+16,6659982558581793.0,1.6211471418444192e+16,3.237089038360921e+17,8.475412972963456e+18
253078.57356129328,1.013288900909078e+17,8.955534755892217e+18,1.4159732889253942e+16,1.80528021354769e+16,6659982558581793.0,1.6211471418444192e+16,3.237089038360921e+17,8.475412972963456e+18
258140.24503251916,1.013288900909078e+17,8.955534755892217e+18,1.4159732889253942e+16,1.80528021354769e+16,6659982558581793.0,1.6211471418444192e+16,3.237089038360921e+17,8.475412972963456e+18
263303.14993316954,1.013288900909078e+17,8.955534755892217e+18,1.4159732889253942e+16,1.80528021354769e+16,6659982558581793.0,1.6211471418444192e+16,3.237089038360921e+17,8.475412972963456e+18
268569.3129318329,1.013288900909078e+17,8.955534755892217e+18,1.4159732889253942e+16,1.80528021354769e+16,6659982558581793.0,1.6211471418444192e+16,3.237089038360921e+17,8.475412972963456e+18
273940.79919046955,1.013288900909078e+17,8.955534755892217e+18,1.4159732889253942e+16,1.80528021354769e+16,6659982558581793.0,1.6211471418444192e+16,3.237089038360921e+17,8.475412972963456e+18
279419.71517427894,1.013288900909078e+17,8.955534755892217e+18,1.4159732889253942e+16,1.80528021354769e+16,6659982558581793.0,1.6211471418444192e+16,3.237089038360921e+17,8.475412972963456e+18
285008.20947776455,1.013288900909078e+17,8.955534755892217e+18,1.4159732889253942e+16,1.80528021354769e+16,6659982558581793.0,1.6211471418444192e+16,3.237089038360921e+17,8.475412972963456e+18
290708.47366731986,1.013288900909078e+17,8.955534755892217e+18,1.4159732889253942e+16,1.80528021354769e+16,6659982558581793.0,1.6211471418444192e+16,3.237089038360921e+17,8.475412972963456e+18
296522.7431406663,1.013288900909078e+17,8.955534755892217e+18,1.4159732889253942e+16,1.80528021354769e+16,6659982558581793.0,1.6211471418444192e+16,3.237089038360921e+17,8.475412972963456e+18
302453.2980034796,1.013288900909078e+17,8.955534755892217e+18,1.4159732889253942e+16,1.80528021354769e+16,6659982558581793.0,1.6211471418444192e+16,3.237089038360921e+17,8.475412972963456e+18
308502.4639635492,1.013288900909078e+17,8.955534755892217e+18,1.4159732889253942e+16,1.80528021354769e+16,6659982558581793.0,1.6211471418444192e+16,3.237089038360921e+17,8.475412972963456e+18
314672.61324282014,1.013288900909078e+17,8.955534755892217e+18,1.4159732889253942e+16,1.80528021354769e+16,6659982558581793.0,1.6211471418444192e+16,3.237089038360921e+17,8.475412972963456e+18
320966.16550767655,1.013288900909078e+17,8.955534755892217e+18,1.4159732889253942e+16,1.80528021354769e+16,6659982558581793.0,1.6211471418444192e+16,3.237089038360921e+17,8.475412972963456e+18
327385.5888178301,1.013288900909078e+17,8.955534755892217e+18,1.4159732889253942e+16,1.80528021354769e+16,6659982558581793.0,1.6211471418444192e+16,3.237089038360921e+17,8.475412972963456e+18
333933.4005941867,1.013288900909078e+17,8.955534755892217e+18,1.4159732889253942e+16,1.80528021354769e+16,6659982558581793.0,1.6211471418444192e+16,3.237089038360921e+17,8.475412972963456e+18
340612.1686060704,1.013288900909078e+17,8.955534755892217e+18,1.4159732889253942e+16,1.80528021354769e+16,6659982558581793.0,1.6211471418444192e+16,3.237089038360921e+17,8.475412972963456e+18
347424.5119781918,1.013288900909078e+17,8.955534755892217e+18,1.4159732889253942e+16,1.80528021354769e+16,6659982558581793.0,1.6211471418444192e+16,3.237089038360921e+17,8.475412972963456e+18
354373.10221775563,1.013288900909078e+17,8.955534755892217e+18,1.4159732889253942e+16,1.80528021354769e+16,6659982558581793.0,1.6211471418444192e+16,3.237089038360921e+17,8.475412972963456e+18
361460.6642621108,1.013288900909078e+17,8.955534755892217e+18,1.4159732889253942e+16,1.80528021354769e+16,6659982558581793.0,1.6211471418444192e+16,3.237089038360921e+17,8.475412972963456e+18
368689.977547353,1.013288900909078e+17,8.955534755892217e+18,1.4159732889253942e+16,1.80528021354769e+16,6659982558581793.0,1.6211471418444192e+16,3.237089038360921e+17,8.475412972963456e+18
376063.8770983001,1.013288900909078e+17,8.955534755892217e+18,1.4159732889253942e+16,1.80528021354769e+16,6659982558581793.0,1.6211471418444192e+16,3.237089038360921e+17,8.475412972963456e+18
383585.25464026607,1.013288900909078e+17,8.955534755892217e+18,1.4159732889253942e+16,1.80528021354769e+16,6659982558581793.0,1.6211471418444192e+16,3.237089038360921e+17,8.475412972963456e+18
391257.0597330714,1.013288900909078e+17,8.955534755892217e+18,1.4159732889253942e+16,1.80528021354769e+16,6659982558581793.0,1.6211471418444192e+16,3.237089038360921e+17,8.475412972963456e+18
399082.30092773284,1.013288900909078e+17,8.955534755892217e+18,1.4159732889253942e+16,1.80528021354769e+16,6659982558581793.0,1.6211471418444192e+16,3.237089038360921e+17,8.475412972963456e+18
407064.0469462875,1.013288900909078e+17,8.955534755892217e+18,1.4159732889253942e+16,1.80528021354769e+16,6659982558581793.0,1.6211471418444192e+16,3.237089038360921e+17,8.475412972963456e+18
415205.4278852133,1.013288900909078e+17,8.955534755892217e+18,1.4159732889253942e+16,1.80528021354769e+16,6659982558581793.0,1.6211471418444192e+16,3.237089038360921e+17,8.475412972963456e+18
423509.6364429176,1.013288900909078e+17,8.955534755892217e+18,1.4159732889253942e+16,1.80528021354769e+16,6659982558581793.0,1.6211471418444192e+16,3.237089038360921e+17,8.475412972963456e+18
431979.92917177593,1.013288900909078e+17,8.955534755892217e+18,1.4159732889253942e+16,1.80528021354769e+16,6659982558581793.0,1.6211471418444192e+16,3.237089038360921e+17,8.475412972963456e+18
440619.62775521143,1.013288900909078e+17,8.955534755892217e+18,1.4159732889253942e+16,1.80528021354769e+16,6659982558581793.0,1.6211471418444192e+16,3.237089038360921e+17,8.475412972963456e+18
449432.1203103157,1.013288900909078e+17,8.955534755892217e+18,1.4159732889253942e+16,1.80528021354769e+16,6659982558581793.0,1.6211471418444192e+16,3.237089038360921e+17,8.475412972963456e+18
458420.862716522,1.013288900909078e+17,8.955534755892217e+18,1.4159732889253942e+16,1.80528021354769e+16,6659982558581793.0,1.6211471418444192e+16,3.237089038360921e+17,8.475412972963456e+18
467589.37997085246,1.013288900909078e+17,8.955534755892217e+18,1.4159732889253942e+16,1.80528021354769e+16,6659982558581793.0,1.6211471418444192e+16,3.237089038360921e+17,8.475412972963456e+18
476941.2675702695,1.013288900909078e+17,8.955534755892217e+18,1.4159732889253942e+16,1.80528021354769e+16,6659982558581793.0,1.6211471418444192e+16,3.237089038360921e+17,8.475412972963456e+18
486480.1929216749,1.013288900909078e+17,8.955534755892217e+18,1.4159732889253942e+16,1.80528021354769e+16,6659982558581793.0,1.6211471418444192e+16,3.237089038360921e+17,8.475412972963456e+18
496209.89678010845,1.013288900909078e+17,8.955534755892217e+18,1.4159732889253942e+16,1.80528021354769e+16,6659982558581793.0,1.6211471418444192e+16,3.237089038360921e+17,8.475412972963456e+18
506134.19471571065,1.013288900909078e+17,8.955534755892217e+18,1.4159732889253942e+16,1.80528021354769e+16,6659982558581793.0,1.6211471418444192e+16,3.237089038360921e+17,8.475412972963456e+18
516256.97861002485,1.013288900909078e+17,8.955534755892217e+18,1.4159732889253942e+16,1.80528021354769e+16,6659982558581793.0,1.6211471418444192e+16,3.237089038360921e+17,8.475412972963456e+18
526582.2181822254,1.013288900909078e+17,8.955534755892217e+18,1.4159732889253942e+16,1.80528021354769e+16,6659982558581793.0,1.6211471418444192e+16,3.237089038360921e+17,8.475412972963456e+18
537113.9625458699,1.013288900909078e+17,8.955534755892217e+18,1.4159732889253942e+16,1.80528021354769e+16,6659982558581793.0,1.6211471418444192e+16,3.237089038360921e+17,8.475412972963456e+18
547856.3417967872,1.013288900909078e+17,8.955534755892217e+18,1.4159732889253942e+16,1.80528021354769e+16,6659982558581793.0,1.6211471418444192e+16,3.237089038360921e+17,8.475412972963456e+18
558813.568632723,1.013288900909078e+17,8.955534755892217e+18,1.4159732889253942e+16,1.80528021354769e+16,6659982558581793.0,1.6211471418444192e+16,3.237089038360921e+17,8.475412972963456e+18
569989.9400053774,1.013288900909078e+17,8.955534755892217e+18,1.4159732889253942e+16,1.80528021354769e+16,6659982558581793.0,1.6211471418444192e+16,3.237089038360921e+17,8.475412972963456e+18
581389.8388054849,1.013288900909078e+17,8.955534755892217e+18,1.4159732889253942e+16,1.80528021354769e+16,6659982558581793.0,1.6211471418444192e+16,3.237089038360921e+17,8.475412972963456e+18
593017.7355815946,1.013288900909078e+17,8.955534755892217e+18,1.4159732889253942e+16,1.80528021354769e+16,6659982558581793.0,1.6211471418444192e+16,3.237089038360921e+17,8.475412972963456e+18
604878.1902932265,1.013288900909078e+17,8.955534755892217e+18,1.4159732889253942e+16,1.80528021354769e+16,6659982558581793.0,1.6211471418444192e+16,3.237089038360921e+17,8.475412972963456e+18
616975.854099091,1.013288900909078e+17,8.955534755892217e+18,1.4159732889253942e+16,1.80528021354769e+16,6659982558581793.0,1.6211471418444192e+16,3.237089038360921e+17,8.475412972963456e+18
629315.4711810729,1.013288900909078e+17,8.955534755892217e+18,1.4159732889253942e+16,1.80528021354769e+16,6659982558581793.0,1.6211471418444192e+16,3.237089038360921e+17,8.475412972963456e+18
641901.8806046944,1.013288900909078e+17,8.955534755892217e+18,1.4159732889253942e+16,1.80528021354769e+16,6659982558581793.0,1.6211471418444192e+16,3.237089038360921e+17,8.475412972963456e+18
654740.0182167883,1.013288900909078e+17,8.955534755892217e+18,1.4159732889253942e+16,1.80528021354769e+16,6659982558581793.0,1.6211471418444192e+16,3.237089038360921e+17,8.475412972963456e+18
667834.918581124,1.013288900909078e+17,8.955534755892217e+18,1.4159732889253942e+16,1.80528021354769e+16,6659982558581793.0,1.6211471418444192e+16,3.237089038360921e+17,8.475412972963456e+18
681191.7169527465,1.013288900909078e+17,8.955534755892217e+18,1.4159732889253942e+16,1.80528021354769e+16,6659982558581793.0,1.6211471418444192e+16,3.237089038360921e+17,8.475412972963456e+18
694815.6512918015,1.013288900909078e+17,8.955534755892217e+18,1.4159732889253942e+16,1.80528021354769e+16,6659982558581793.0,1.6211471418444192e+16,3.237089038360921e+17,8.475412972963456e+18
708712.0643176375,1.013288900909078e+17,8.955534755892217e+18,1.4159732889253942e+16,1.80528021354769e+16,6659982558581793.0,1.6211471418444192e+16,3.237089038360921e+17,8.475412972963456e+18
722886.4056039902,1.013288900909078e+17,8.955534755892217e+18,1.4159732889253942e+16,1.80528021354769e+16,6659982558581793.0,1.6211471418444192e+16,3.237089038360921e+17,8.475412972963456e+18
737344.23371607,1.013288900909078e+17,8.955534755892217e+18,1.4159732889253942e+16,1.80528021354769e+16,6659982558581793.0,1.6211471418444192e+16,3.237089038360921e+17,8.475412972963456e+18
752091.2183903913,1.013288900909078e+17,8.955534755892217e+18,1.4159732889253942e+16,1.80528021354769e+16,6659982558581793.0,1.6211471418444192e+16,3.237089038360921e+17,8.475412972963456e+18
767133.1427581991,1.013288900909078e+17,8.955534755892217e+18,1.4159732889253942e+16,1.80528021354769e+16,6659982558581793.0,1.6211471418444192e+16,3.237089038360921e+17,8.475412972963456e+18
782475.9056133631,1.013288900909078e+17,8.955534755892217e+18,1.4159732889253942e+16,1.80528021354769e+16,6659982558581793.0,1.6211471418444192e+16,3.237089038360921e+17,8.475412972963456e+18
798125.5237256304,1.013288900909078e+17,8.955534755892217e+18,1.4159732889253942e+16,1.80528021354769e+16,6659982558581793.0,1.6211471418444192e+16,3.237089038360921e+17,8.475412972963456e+18
814088.134200143,1.013288900909078e+17,8.955534755892217e+18,1.4159732889253942e+16,1.80528021354769e+16,6659982558581793.0,1.6211471418444192e+16,3.237089038360921e+17,8.475412972963456e+18
830369.9968841459,1.013288900909078e+17,8.955534755892217e+18,1.4159732889253942e+16,1.80528021354769e+16,6659982558581793.0,1.6211471418444192e+16,3.237089038360921e+17,8.475412972963456e+18
846977.4968218289,1.013288900909078e+17,8.955534755892217e+18,1.4159732889253942e+16,1.80528021354769e+16,6659982558581793.0,1.6211471418444192e+16,3.237089038360921e+17,8.475412972963456e+18
863917.1467582654,1.013288900909078e+17,8.955534755892217e+18,1.4159732889253942e+16,1.80528021354769e+16,6659982558581793.0,1.6211471418444192e+16,3.237089038360921e+17,8.475412972963456e+18
881195.5896934308,1.013288900909078e+17,8.955534755892217e+18,1.4159732889253942e+16,1.80528021354769e+16,6659982558581793.0,1.6211471418444192e+16,3.237089038360921e+17,8.475412972963456e+18
898819.6014872994,1.013288900909078e+17,8.955534755892217e+18,1.4159732889253942e+16,1.80528021354769e+16,6659982558581793.0,1.6211471418444192e+16,3.237089038360921e+17,8.475412972963456e+18
916796.0935170455,1.013288900909078e+17,8.955534755892217e+18,1.4159732889253942e+16,1.80528021354769e+16,6659982558581793.0,1.6211471418444192e+16,3.237089038360921e+17,8.475412972963456e+18
935132.1153873864,1.013288900909078e+17,8.955534755892217e+18,1.4159732889253942e+16,1.80528021354769e+16,6659982558581793.0,1.6211471418444192e+16,3.237089038360921e+17,8.475412972963456e+18
953834.8576951341,1.013288900909078e+17,8.955534755892217e+18,1.4159732889253942e+16,1.80528021354769e+16,6659982558581793.0,1.6211471418444192e+16,3.237089038360921e+17,8.475412972963456e+18
972911.6548490368,1.013288900909078e+17,8.955534755892217e+18,1.4159732889253942e+16,1.80528021354769e+16,6659982558581793.0,1.6211471418444192e+16,3.237089038360921e+17,8.475412972963456e+18
992369.9879460176,1.013288900909078e+17,8.955534755892217e+18,1.4159732889253942e+16,1.80528021354769e+16,6659982558581793.0,1.6211471418444192e+16,3.237089038360921e+17,8.475412972963456e+18
1012217.487704938,1.013288900909078e+17,8.955534755892217e+18,1.4159732889253942e+16,1.80528021354769e+16,6659982558581793.0,1.6211471418444192e+16,3.237089038360921e+17,8.475412972963456e+18
1032461.9374590368,1.013288900909078e+17,8.955534755892217e+18,1.4159732889253942e+16,1.80528021354769e+16,6659982558581793.0,1.6211471418444192e+16,3.237089038360921e+17,8.475412972963456e+18
1053111.2762082175,1.013288900909078e+17,8.955534755892217e+18,1.4159732889253942e+16,1.80528021354769e+16,6659982558581793.0,1.6211471418444192e+16,3.237089038360921e+17,8.475412972963456e+18
1074173.6017323819,1.013288900909078e+17,8.955534755892217e+18,1.4159732889253942e+16,1.80528021354769e+16,6659982558581793.0,1.6211471418444192e+16,3.237089038360921e+17,8.475412972963456e+18
1095657.1737670295,1.013288900909078e+17,8.955534755892217e+18,1.4159732889253942e+16,1.80528021354769e+16,6659982558581793.0,1.6211471418444192e+16,3.237089038360921e+17,8.475412972963456e+18
1117570.41724237,1.013288900909078e+17,8.955534755892217e+18,1.4159732889253942e+16,1.80528021354769e+16,6659982558581793.0,1.6211471418444192e+16,3.237089038360921e+17,8.475412972963456e+18
1139921.9255872176,1.013288900909078e+17,8.955534755892217e+18,1.4159732889253942e+16,1.80528021354769e+16,6659982558581793.0,1.6211471418444192e+16,3.237089038360921e+17,8.475412972963456e+18
1162720.464098962,1.013288900909078e+17,8.955534755892217e+18,1.4159732889253942e+16,1.80528021354769e+16,6659982558581793.0,1.6211471418444192e+16,3.237089038360921e+17,8.475412972963456e+18
1185974.9733809412,1.013288900909078e+17,8.955534755892217e+18,1.4159732889253942e+16,1.80528021354769e+16,6659982558581793.0,1.6211471418444192e+16,3.237089038360921e+17,8.475412972963456e+18
1209694.57284856,1.013288900909078e+17,8.955534755892217e+18,1.4159732889253942e+16,1.80528021354769e+16,6659982558581793.0,1.6211471418444192e+16,3.237089038360921e+17,8.475412972963456e+18
1233888.5643055313,1.013288900909078e+17,8.955534755892217e+18,1.4159732889253942e+16,1.80528021354769e+16,6659982558581793.0,1.6211471418444192e+16,3.237089038360921e+17,8.475412972963456e+18
1258566.435591642,1.013288900909078e+17,8.955534755892217e+18,1.4159732889253942e+16,1.80528021354769e+16,6659982558581793.0,1.6211471418444192e+16,3.237089038360921e+17,8.475412972963456e+18
1283737.864303475,1.013288900909078e+17,8.955534755892217e+18,1.4159732889253942e+16,1.80528021354769e+16,6659982558581793.0,1.6211471418444192e+16,3.237089038360921e+17,8.475412972963456e+18
1309412.7215895446,1.013288900909078e+17,8.955534755892217e+18,1.4159732889253942e+16,1.80528021354769e+16,6659982558581793.0,1.6211471418444192e+16,3.237089038360921e+17,8.475412972963456e+18
1335601.0760213356,1.013288900909078e+17,8.955534755892217e+18,1.4159732889253942e+16,1.80528021354769e+16,6659982558581793.0,1.6211471418444192e+16,3.237089038360921e+17,8.475412972963456e+18
1362313.1975417624,1.013288900909078e+17,8.955534755892217e+18,1.4159732889253942e+16,1.80528021354769e+16,6659982558581793.0,1.6211471418444192e+16,3.237089038360921e+17,8.475412972963456e+18
1389559.5614925977,1.013288900909078e+17,8.955534755892217e+18,1.4159732889253942e+16,1.80528021354769e+16,6659982558581793.0,1.6211471418444192e+16,3.237089038360921e+17,8.475412972963456e+18
1417350.8527224497,1.013288900909078e+17,8.955534755892217e+18,1.4159732889253942e+16,1.80528021354769e+16,6659982558581793.0,1.6211471418444192e+16,3.237089038360921e+17,8.475412972963456e+18
1445697.9697768986,1.013288900909078e+17,8.955534755892217e+18,1.4159732889253942e+16,1.80528021354769e+16,6659982558581793.0,1.6211471418444192e+16,3.237089038360921e+17,8.475412972963456e+18
1474612.0291724366,1.013288900909078e+17,8.955534755892217e+18,1.4159732889253942e+16,1.80528021354769e+16,6659982558581793.0,1.6211471418444192e+16,3.237089038360921e+17,8.475412972963456e+18
1504104.3697558853,1.013288900909078e+17,8.955534755892217e+18,1.4159732889253942e+16,1.80528021354769e+16,6659982558581793.0,1.6211471418444192e+16,3.237089038360921e+17,8.475412972963456e+18
1534186.557151003,1.013288900909078e+17,8.955534755892217e+18,1.4159732889253942e+16,1.80528021354769e+16,6659982558581793.0,1.6211471418444192e+16,3.237089038360921e+17,8.475412972963456e+18
1564870.3882940232,1.013288900909078e+17,8.955534755892217e+18,1.4159732889253942e+16,1.80528021354769e+16,6659982558581793.0,1.6211471418444192e+16,3.237089038360921e+17,8.475412972963456e+18
1596167.8960599038,1.013288900909078e+17,8.955534755892217e+18,1.4159732889253942e+16,1.80528021354769e+16,6659982558581793.0,1.6211471418444192e+16,3.237089038360921e+17,8.475412972963456e+18
1628091.353981102,1.013288900909078e+17,8.955534755892217e+18,1.4159732889253942e+16,1.80528021354769e+16,6659982558581793.0,1.6211471418444192e+16,3.237089038360921e+17,8.475412972963456e+18
1660653.281060724,1.013288900909078e+17,8.955534755892217e+18,1.4159732889253942e+16,1.80528021354769e+16,6659982558581793.0,1.6211471418444192e+16,3.237089038360921e+17,8.475412972963456e+18
1693866.4466819386,1.013288900909078e+17,8.955534755892217e+18,1.4159732889253942e+16,1.80528021354769e+16,6659982558581793.0,1.6211471418444192e+16,3.237089038360921e+17,8.475412972963456e+18
1727743.8756155774,1.013288900909078e+17,8.955534755892217e+18,1.4159732889253942e+16,1.80528021354769e+16,6659982558581793.0,1.6211471418444192e+16,3.237089038360921e+17,8.475412972963456e+18
1762298.853127889,1.013288900909078e+17,8.955534755892217e+18,1.4159732889253942e+16,1.80528021354769e+16,6659982558581793.0,1.6211471418444192e+16,3.237089038360921e+17,8.475412972963456e+18
1797544.930190447,1.013288900909078e+17,8.955534755892217e+18,1.4159732889253942e+16,1.80528021354769e+16,6659982558581793.0,1.6211471418444192e+16,3.237089038360921e+17,8.475412972963456e+18
1833495.928794256,1.013288900909078e+17,8.955534755892217e+18,1.4159732889253942e+16,1.80528021354769e+16,6659982558581793.0,1.6211471418444192e+16,3.237089038360921e+17,8.475412972963456e+18
1870165.947370141,1.013288900909078e+17,8.955534755892217e+18,1.4159732889253942e+16,1.80528021354769e+16,6659982558581793.0,1.6211471418444192e+16,3.237089038360921e+17,8.475412972963456e+18
1907569.366317544,1.013288900909078e+17,8.955534755892217e+18,1.4159732889253942e+16,1.80528021354769e+16,6659982558581793.0,1.6211471418444192e+16,3.237089038360921e+17,8.475412972963456e+18
1945720.853643895,1.013288900909078e+17,8.955534755892217e+18,1.4159732889253942e+16,1.80528021354769e+16,6659982558581793.0,1.6211471418444192e+16,3.237089038360921e+17,8.475412972963456e+18
1984635.3707167727,1.013288900909078e+17,8.955534755892217e+18,1.4159732889253942e+16,1.80528021354769e+16,6659982558581793.0,1.6211471418444192e+16,3.237089038360921e+17,8.475412972963456e+18
2024328.1781311082,1.013288900909078e+17,8.955534755892217e+18,1.4159732889253942e+16,1.80528021354769e+16,6659982558581793.0,1.6211471418444192e+16,3.237089038360921e+17,8.475412972963456e+18
2064814.8416937303,1.013288900909078e+17,8.955534755892217e+18,1.4159732889253942e+16,1.80528021354769e+16,6659982558581793.0,1.6211471418444192e+16,3.237089038360921e+17,8.475412972963456e+18
2106111.238527605,1.013288900909078e+17,8.955534755892217e+18,1.4159732889253942e+16,1.80528021354769e+16,6659982558581793.0,1.6211471418444192e+16,3.237089038360921e+17,8.475412972963456e+18
2148233.563298157,1.013288900909078e+17,8.955534755892217e+18,1.4159732889253942e+16,1.80528021354769e+16,6659982558581793.0,1.6211471418444192e+16,3.237089038360921e+17,8.475412972963456e+18
2191198.33456412,1.013288900909078e+17,8.955534755892217e+18,1.4159732889253942e+16,1.80528021354769e+16,6659982558581793.0,1.6211471418444192e+16,3.237089038360921e+17,8.475412972963456e+18
2235022.4012554027,1.013288900909078e+17,8.955534755892217e+18,1.4159732889253942e+16,1.80528021354769e+16,6659982558581793.0,1.6211471418444192e+16,3.237089038360921e+17,8.475412972963456e+18
2279722.9492805107,1.013288900909078e+17,8.955534755892217e+18,1.4159732889253942e+16,1.80528021354769e+16,6659982558581793.0,1.6211471418444192e+16,3.237089038360921e+17,8.475412972963456e+18
2325317.5082661207,1.013288900909078e+17,8.955534755892217e+18,1.4159732889253942e+16,1.80528021354769e+16,6659982558581793.0,1.6211471418444192e+16,3.237089038360921e+17,8.475412972963456e+18
2371823.958431443,1.013288900909078e+17,8.955534755892217e+18,1.4159732889253942e+16,1.80528021354769e+16,6659982558581793.0,1.6211471418444192e+16,3.237089038360921e+17,8.475412972963456e+18
2419260.537600072,1.013288900909078e+17,8.955534755892217e+18,1.4159732889253942e+16,1.80528021354769e+16,6659982558581793.0,1.6211471418444192e+16,3.237089038360921e+17,8.475412972963456e+18
2467645.8483520737,1.013288900909078e+17,8.955534755892217e+18,1.4159732889253942e+16,1.80528021354769e+16,6659982558581793.0,1.6211471418444192e+16,3.237089038360921e+17,8.475412972963456e+18
2516998.865319115,1.013288900909078e+17,8.955534755892217e+18,1.4159732889253942e+16,1.80528021354769e+16,6659982558581793.0,1.6211471418444192e+16,3.237089038360921e+17,8.475412972963456e+18
2567338.9426254975,1.013288900909078e+17,8.955534755892217e+18,1.4159732889253942e+16,1.80528021354769e+16,6659982558581793.0,1.6211471418444192e+16,3.237089038360921e+17,8.475412972963456e+18
2618685.8214780074,1.013288900909078e+17,8.955534755892217e+18,1.4159732889253942e+16,1.80528021354769e+16,6659982558581793.0,1.6211471418444192e+16,3.237089038360921e+17,8.475412972963456e+18
2671059.6379075674,1.013288900909078e+17,8.955534755892217e+18,1.4159732889253942e+16,1.80528021354769e+16,6659982558581793.0,1.6211471418444192e+16,3.237089038360921e+17,8.475412972963456e+18
2724480.930665719,1.013288900909078e+17,8.955534755892217e+18,1.4159732889253942e+16,1.80528021354769e+16,6659982558581793.0,1.6211471418444192e+16,3.237089038360921e+17,8.475412972963456e+18
2778970.6492790333,1.013288900909078e+17,8.955534755892217e+18,1.4159732889253942e+16,1.80528021354769e+16,6659982558581793.0,1.6211471418444192e+16,3.237089038360921e+17,8.475412972963456e+18
2834550.162264614,1.013288900909078e+17,8.955534755892217e+18,1.4159732889253942e+16,1.80528021354769e+16,6659982558581793.0,1.6211471418444192e+16,3.237089038360921e+17,8.475412972963456e+18
2891241.265509906,1.013288900909078e+17,8.955534755892217e+18,1.4159732889253942e+16,1.80528021354769e+16,6659982558581793.0,1.6211471418444192e+16,3.237089038360921e+17,8.475412972963456e+18
2949066.1908201044,1.013288900909078e+17,8.955534755892217e+18,1.4159732889253942e+16,1.80528021354769e+16,6659982558581793.0,1.6211471418444192e+16,3.237089038360921e+17,8.475412972963456e+18
3008047.6146365064,1.013288900909078e+17,8.955534755892217e+18,1.4159732889253942e+16,1.80528021354769e+16,6659982558581793.0,1.6211471418444192e+16,3.237089038360921e+17,8.475412972963456e+18
3068208.6669292366,1.013288900909078e+17,8.955534755892217e+18,1.4159732889253942e+16,1.80528021354769e+16,6659982558581793.0,1.6211471418444192e+16,3.237089038360921e+17,8.475412972963456e+18
3129572.9402678213,1.013288900909078e+17,8.955534755892217e+18,1.4159732889253942e+16,1.80528021354769e+16,6659982558581793.0,1.6211471418444192e+16,3.237089038360921e+17,8.475412972963456e+18
3192164.4990731776,1.013288900909078e+17,8.955534755892217e+18,1.4159732889253942e+16,1.80528021354769e+16,6659982558581793.0,1.6211471418444192e+16,3.237089038360921e+17,8.475412972963456e+18
3256007.889054641,1.013288900909078e+17,8.955534755892217e+18,1.4159732889253942e+16,1.80528021354769e+16,6659982558581793.0,1.6211471418444192e+16,3.237089038360921e+17,8.475412972963456e+18
3321128.146835734,1.013288900909078e+17,8.955534755892217e+18,1.4159732889253942e+16,1.80528021354769e+16,6659982558581793.0,1.6211471418444192e+16,3.237089038360921e+17,8.475412972963456e+18
3387550.809772449,1.013288900909078e+17,8.955534755892217e+18,1.4159732889253942e+16,1.80528021354769e+16,6659982558581793.0,1.6211471418444192e+16,3.237089038360921e+17,8.475412972963456e+18
3455301.925967898,1.013288900909078e+17,8.955534755892217e+18,1.4159732889253942e+16,1.80528021354769e+16,6659982558581793.0,1.6211471418444192e+16,3.237089038360921e+17,8.475412972963456e+18
3524408.064487256,1.013288900909078e+17,8.955534755892217e+18,1.4159732889253942e+16,1.80528021354769e+16,6659982558581793.0,1.6211471418444192e+16,3.237089038360921e+17,8.475412972963456e+18
3594896.325777001,1.013288900909078e+17,8.955534755892217e+18,1.4159732889253942e+16,1.80528021354769e+16,6659982558581793.0,1.6211471418444192e+16,3.237089038360921e+17,8.475412972963456e+18
3666794.3522925414,1.013288900909078e+17,8.955534755892217e+18,1.4159732889253942e+16,1.80528021354769e+16,6659982558581793.0,1.6211471418444192e+16,3.237089038360921e+17,8.475412972963456e+18
3740130.3393383925,1.013288900909078e+17,8.955534755892217e+18,1.4159732889253942e+16,1.80528021354769e+16,6659982558581793.0,1.6211471418444192e+16,3.237089038360921e+17,8.475412972963456e+18
3814933.0461251605,1.013288900909078e+17,8.955534755892217e+18,1.4159732889253942e+16,1.80528021354769e+16,6659982558581793.0,1.6211471418444192e+16,3.237089038360921e+17,8.475412972963456e+18
3891231.8070476637,1.013288900909078e+17,8.955534755892217e+18,1.4159732889253942e+16,1.80528021354769e+16,6659982558581793.0,1.6211471418444192e+16,3.237089038360921e+17,8.475412972963456e+18
3969056.543188617,1.013288900909078e+17,8.955534755892217e+18,1.4159732889253942e+16,1.80528021354769e+16,6659982558581793.0,1.6211471418444192e+16,3.237089038360921e+17,8.475412972963456e+18
4048437.7740523894,1.013288900909078e+17,8.955534755892217e+18,1.4159732889253942e+16,1.80528021354769e+16,6659982558581793.0,1.6211471418444192e+16,3.237089038360921e+17,8.475412972963456e+18
4129406.629533437,1.013288900909078e+17,8.955534755892217e+18,1.4159732889253942e+16,1.80528021354769e+16,6659982558581793.0,1.6211471418444192e+16,3.237089038360921e+17,8.475412972963456e+18
4211994.862124106,1.013288900909078e+17,8.955534755892217e+18,1.4159732889253942e+16,1.80528021354769e+16,6659982558581793.0,1.6211471418444192e+16,3.237089038360921e+17,8.475412972963456e+18
4296234.859366588,1.013288900909078e+17,8.955534755892217e+18,1.4159732889253942e+16,1.80528021354769e+16,6659982558581793.0,1.6211471418444192e+16,3.237089038360921e+17,8.475412972963456e+18
4382159.65655392,1.013288900909078e+17,8.955534755892217e+18,1.4159732889253942e+16,1.80528021354769e+16,6659982558581793.0,1.6211471418444192e+16,3.237089038360921e+17,8.475412972963456e+18
4469802.949684999,1.013288900909078e+17,8.955534755892217e+18,1.4159732889253942e+16,1.80528021354769e+16,6659982558581793.0,1.6211471418444192e+16,3.237089038360921e+17,8.475412972963456e+18
4559199.108678699,1.013288900909078e+17,8.955534755892217e+18,1.4159732889253942e+16,1.80528021354769e+16,6659982558581793.0,1.6211471418444192e+16,3.237089038360921e+17,8.475412972963456e+18
4650383.190852272,1.013288900909078e+17,8.955534755892217e+18,1.4159732889253942e+16,1.80528021354769e+16,6659982558581793.0,1.6211471418444192e+16,3.237089038360921e+17,8.475412972963456e+18
4743390.954669318,1.013288900909078e+17,8.955534755892217e+18,1.4159732889253942e+16,1.80528021354769e+16,6659982558581793.0,1.6211471418444192e+16,3.237089038360921e+17,8.475412972963456e+18
4838258.873762704,1.013288900909078e+17,8.955534755892217e+18,1.4159732889253942e+16,1.80528021354769e+16,6659982558581793.0,1.6211471418444192e+16,3.237089038360921e+17,8.475412972963456e+18
4935024.151237959,1.013288900909078e+17,8.955534755892217e+18,1.4159732889253942e+16,1.80528021354769e+16,6659982558581793.0,1.6211471418444192e+16,3.237089038360921e+17,8.475412972963456e+18
5033724.734262718,1.013288900909078e+17,8.955534755892217e+18,1.4159732889253942e+16,1.80528021354769e+16,6659982558581793.0,1.6211471418444192e+16,3.237089038360921e+17,8.475412972963456e+18
5134399.3289479725,1.013288900909078e+17,8.955534755892217e+18,1.4159732889253942e+16,1.80528021354769e+16,6659982558581793.0,1.6211471418444192e+16,3.237089038360921e+17,8.475412972963456e+18
5237087.415526932,1.013288900909078e+17,8.955534755892217e+18,1.4159732889253942e+16,1.80528021354769e+16,6659982558581793.0,1.6211471418444192e+16,3.237089038360921e+17,8.475412972963456e+18
5341829.263837471,1.013288900909078e+17,8.955534755892217e+18,1.4159732889253942e+16,1.80528021354769e+16,6659982558581793.0,1.6211471418444192e+16,3.237089038360921e+17,8.475412972963456e+18
5448665.94911422,1.013288900909078e+17,8.955534755892217e+18,1.4159732889253942e+16,1.80528021354769e+16,6659982558581793.0,1.6211471418444192e+16,3.237089038360921e+17,8.475412972963456e+18
5557639.368096504,1.013288900909078e+17,8.955534755892217e+18,1.4159732889253942e+16,1.80528021354769e+16,6659982558581793.0,1.6211471418444192e+16,3.237089038360921e+17,8.475412972963456e+18
5668792.255458434,1.013288900909078e+17,8.955534755892217e+18,1.4159732889253942e+16,1.80528021354769e+16,6659982558581793.0,1.6211471418444192e+16,3.237089038360921e+17,8.475412972963456e+18
5782168.200567603,1.013288900909078e+17,8.955534755892217e+18,1.4159732889253942e+16,1.80528021354769e+16,6659982558581793.0,1.6211471418444192e+16,3.237089038360921e+17,8.475412972963456e+18
5897811.664578956,1.013288900909078e+17,8.955534755892217e+18,1.4159732889253942e+16,1.80528021354769e+16,6659982558581793.0,1.6211471418444192e+16,3.237089038360921e+17,8.475412972963456e+18
6015767.997870535,1.013288900909078e+17,8.955534755892217e+18,1.4159732889253942e+16,1.80528021354769e+16,6659982558581793.0,1.6211471418444192e+16,3.237089038360921e+17,8.475412972963456e+18
6136083.457827945,1.013288900909078e+17,8.955534755892217e+18,1.4159732889253942e+16,1.80528021354769e+16,6659982558581793.0,1.6211471418444192e+16,3.237089038360921e+17,8.475412972963456e+18
6258805.226984505,1.013288900909078e+17,8.955534755892217e+18,1.4159732889253942e+16,1.80528021354769e+16,6659982558581793.0,1.6211471418444192e+16,3.237089038360921e+17,8.475412972963456e+18
6383981.431524195,1.013288900909078e+17,8.955534755892217e+18,1.4159732889253942e+16,1.80528021354769e+16,6659982558581793.0,1.6211471418444192e+16,3.237089038360921e+17,8.475412972963456e+18
6511661.160154679,1.013288900909078e+17,8.955534755892217e+18,1.4159732889253942e+16,1.80528021354769e+16,6659982558581793.0,1.6211471418444192e+16,3.237089038360921e+17,8.475412972963456e+18
6641894.483357772,1.013288900909078e+17,8.955534755892217e+18,1.4159732889253942e+16,1.80528021354769e+16,6659982558581793.0,1.6211471418444192e+16,3.237089038360921e+17,8.475412972963456e+18
6774732.473024928,1.013288900909078e+17,8.955534755892217e+18,1.4159732889253942e+16,1.80528021354769e+16,6659982558581793.0,1.6211471418444192e+16,3.237089038360921e+17,8.475412972963456e+18
6910227.222485427,1.013288900909078e+17,8.955534755892217e+18,1.4159732889253942e+16,1.80528021354769e+16,6659982558581793.0,1.6211471418444192e+16,3.237089038360921e+17,8.475412972963456e+18
7048431.866935136,1.013288900909078e+17,8.955534755892217e+18,1.4159732889253942e+16,1.80528021354769e+16,6659982558581793.0,1.6211471418444192e+16,3.237089038360921e+17,8.475412972963456e+18
7189400.604273839,1.013288900909078e+17,8.955534755892217e+18,1.4159732889253942e+16,1.80528021354769e+16,6659982558581793.0,1.6211471418444192e+16,3.237089038360921e+17,8.475412972963456e+18
7333188.716359315,1.013288900909078e+17,8.955534755892217e+18,1.4159732889253942e+16,1.80528021354769e+16,6659982558581793.0,1.6211471418444192e+16,3.237089038360921e+17,8.475412972963456e+18
7479852.590686502,1.013288900909078e+17,8.955534755892217e+18,1.4159732889253942e+16,1.80528021354769e+16,6659982558581793.0,1.6211471418444192e+16,3.237089038360921e+17,8.475412972963456e+18
7629449.7425002325,1.013288900909078e+17,8.955534755892217e+18,1.4159732889253942e+16,1.80528021354769e+16,6659982558581793.0,1.6211471418444192e+16,3.237089038360921e+17,8.475412972963456e+18
7782038.837350237,1.013288900909078e+17,8.955534755892217e+18,1.4159732889253942e+16,1.80528021354769e+16,6659982558581793.0,1.6211471418444192e+16,3.237089038360921e+17,8.475412972963456e+18
7937679.714097242,1.013288900909078e+17,8.955534755892217e+18,1.4159732889253942e+16,1.80528021354769e+16,6659982558581793.0,1.6211471418444192e+16,3.237089038360921e+17,8.475412972963456e+18
8096433.408379187,1.013288900909078e+17,8.955534755892217e+18,1.4159732889253942e+16,1.80528021354769e+16,6659982558581793.0,1.6211471418444192e+16,3.237089038360921e+17,8.475412972963456e+18
8258362.176546771,1.013288900909078e+17,8.955534755892217e+18,1.4159732889253942e+16,1.80528021354769e+16,6659982558581793.0,1.6211471418444192e+16,3.237089038360921e+17,8.475412972963456e+18
8423529.520077707,1.013288900909078e+17,8.955534755892217e+18,1.4159732889253942e+16,1.80528021354769e+16,6659982558581793.0,1.6211471418444192e+16,3.237089038360921e+17,8.475412972963456e+18
8592000.210479261,1.013288900909078e+17,8.955534755892217e+18,1.4159732889253942e+16,1.80528021354769e+16,6659982558581793.0,1.6211471418444192e+16,3.237089038360921e+17,8.475412972963456e+18
8763840.314688846,1.013288900909078e+17,8.955534755892217e+18,1.4159732889253942e+16,1.80528021354769e+16,6659982558581793.0,1.6211471418444192e+16,3.237089038360921e+17,8.475412972963456e+18
8939117.220982624,1.013288900909078e+17,8.955534755892217e+18,1.4159732889253942e+16,1.80528021354769e+16,6659982558581793.0,1.6211471418444192e+16,3.237089038360921e+17,8.475412972963456e+18
9117899.665402276,1.013288900909078e+17,8.955534755892217e+18,1.4159732889253942e+16,1.80528021354769e+16,6659982558581793.0,1.6211471418444192e+16,3.237089038360921e+17,8.475412972963456e+18
9300257.758710323,1.013288900909078e+17,8.955534755892217e+18,1.4159732889253942e+16,1.80528021354769e+16,6659982558581793.0,1.6211471418444192e+16,3.237089038360921e+17,8.475412972963456e+18
9486263.01388453,1.013288900909078e+17,8.955534755892217e+18,1.4159732889253942e+16,1.80528021354769e+16,6659982558581793.0,1.6211471418444192e+16,3.237089038360921e+17,8.475412972963456e+18
9675988.37416222,1.013288900909078e+17,8.955534755892217e+18,1.4159732889253942e+16,1.80528021354769e+16,6659982558581793.0,1.6211471418444192e+16,3.237089038360921e+17,8.475412972963456e+18
9869508.241645465,1.013288900909078e+17,8.955534755892217e+18,1.4159732889253942e+16,1.80528021354769e+16,6659982558581793.0,1.6211471418444192e+16,3.237089038360921e+17,8.475412972963456e+18
10066898.506478375,1.013288900909078e+17,8.955534755892217e+18,1.4159732889253942e+16,1.80528021354769e+16,6659982558581793.0,1.6211471418444192e+16,3.237089038360921e+17,8.475412972963456e+18
10268236.576607943,1.013288900909078e+17,8.955534755892217e+18,1.4159732889253942e+16,1.80528021354769e+16,6659982558581793.0,1.6211471418444192e+16,3.237089038360921e+17,8.475412972963456e+18
10473601.408140102,1.013288900909078e+17,8.955534755892217e+18,1.4159732889253942e+16,1.80528021354769e+16,6659982558581793.0,1.6211471418444192e+16,3.237089038360921e+17,8.475412972963456e+18
10683073.536302906,1.013288900909078e+17,8.955534755892217e+18,1.4159732889253942e+16,1.80528021354769e+16,6659982558581793.0,1.6211471418444192e+16,3.237089038360921e+17,8.475412972963456e+18
10896735.107028963,1.013288900909078e+17,8.955534755892217e+18,1.4159732889253942e+16,1.80528021354769e+16,6659982558581793.0,1.6211471418444192e+16,3.237089038360921e+17,8.475412972963456e+18
11114669.909169542,1.013288900909078e+17,8.955534755892217e+18,1.4159732889253942e+16,1.80528021354769e+16,6659982558581793.0,1.6211471418444192e+16,3.237089038360921e+17,8.475412972963456e+18
11336963.407352932,1.013288900909078e+17,8.955534755892217e+18,1.4159732889253942e+16,1.80528021354769e+16,6659982558581793.0,1.6211471418444192e+16,3.237089038360921e+17,8.475412972963456e+18
11563702.77549999,1.013288900909078e+17,8.955534755892217e+18,1.4159732889253942e+16,1.80528021354769e+16,6659982558581793.0,1.6211471418444192e+16,3.237089038360921e+17,8.475412972963456e+18
11794976.931009991,1.013288900909078e+17,8.955534755892217e+18,1.4159732889253942e+16,1.80528021354769e+16,6659982558581793.0,1.6211471418444192e+16,3.237089038360921e+17,8.475412972963456e+18
12030876.56963019,1.013288900909078e+17,8.955534755892217e+18,1.4159732889253942e+16,1.80528021354769e+16,6659982558581793.0,1.6211471418444192e+16,3.237089038360921e+17,8.475412972963456e+18
12271494.201022794,1.013288900909078e+17,8.955534755892217e+18,1.4159732889253942e+16,1.80528021354769e+16,6659982558581793.0,1.6211471418444192e+16,3.237089038360921e+17,8.475412972963456e+18
12516924.185043251,1.013288900909078e+17,8.955534755892217e+18,1.4159732889253942e+16,1.80528021354769e+16,6659982558581793.0,1.6211471418444192e+16,3.237089038360921e+17,8.475412972963456e+18
12767262.768744117,1.013288900909078e+17,8.955534755892217e+18,1.4159732889253942e+16,1.80528021354769e+16,6659982558581793.0,1.6211471418444192e+16,3.237089038360921e+17,8.475412972963456e+18
13022608.124118999,1.013288900909078e+17,8.955534755892217e+18,1.4159732889253942e+16,1.80528021354769e+16,6659982558581793.0,1.6211471418444192e+16,3.237089038360921e+17,8.475412972963456e+18
13283060.38660138,1.013288900909078e+17,8.955534755892217e+18,1.4159732889253942e+16,1.80528021354769e+16,6659982558581793.0,1.6211471418444192e+16,3.237089038360921e+17,8.475412972963456e+18
13548721.694333406,1.013288900909078e+17,8.955534755892217e+18,1.4159732889253942e+16,1.80528021354769e+16,6659982558581793.0,1.6211471418444192e+16,3.237089038360921e+17,8.475412972963456e+18
13819696.228220075,1.013288900909078e+17,8.955534755892217e+18,1.4159732889253942e+16,1.80528021354769e+16,6659982558581793.0,1.6211471418444192e+16,3.237089038360921e+17,8.475412972963456e+18
14096090.252784478,1.013288900909078e+17,8.955534755892217e+18,1.4159732889253942e+16,1.80528021354769e+16,6659982558581793.0,1.6211471418444192e+16,3.237089038360921e+17,8.475412972963456e+18
14378012.157840168,1.013288900909078e+17,8.955534755892217e+18,1.4159732889253942e+16,1.80528021354769e+16,6659982558581793.0,1.6211471418444192e+16,3.237089038360921e+17,8.475412972963456e+18
14665572.500996972,1.013288900909078e+17,8.955534755892217e+18,1.4159732889253942e+16,1.80528021354769e+16,6659982558581793.0,1.6211471418444192e+16,3.237089038360921e+17,8.475412972963456e+18
14958884.051016912,1.013288900909078e+17,8.955534755892217e+18,1.4159732889253942e+16,1.80528021354769e+16,6659982558581793.0,1.6211471418444192e+16,3.237089038360921e+17,8.475412972963456e+18
15258061.83203725,1.013288900909078e+17,8.955534755892217e+18,1.4159732889253942e+16,1.80528021354769e+16,6659982558581793.0,1.6211471418444192e+16,3.237089038360921e+17,8.475412972963456e+18
15563223.168677995,1.013288900909078e+17,8.955534755892217e+18,1.4159732889253942e+16,1.80528021354769e+16,6659982558581793.0,1.6211471418444192e+16,3.237089038360921e+17,8.475412972963456e+18
15874487.732051555,1.013288900909078e+17,8.955534755892217e+18,1.4159732889253942e+16,1.80528021354769e+16,6659982558581793.0,1.6211471418444192e+16,3.237089038360921e+17,8.475412972963456e+18
16191977.586692587,1.013288900909078e+17,8.955534755892217e+18,1.4159732889253942e+16,1.80528021354769e+16,6659982558581793.0,1.6211471418444192e+16,3.237089038360921e+17,8.475412972963456e+18
16515817.23842644,1.013288900909078e+17,8.955534755892217e+18,1.4159732889253942e+16,1.80528021354769e+16,6659982558581793.0,1.6211471418444192e+16,3.237089038360921e+17,8.475412972963456e+18
16846133.68319497,1.013288900909078e+17,8.955534755892217e+18,1.4159732889253942e+16,1.80528021354769e+16,6659982558581793.0,1.6211471418444192e+16,3.237089038360921e+17,8.475412972963456e+18
17183056.45685887,1.013288900909078e+17,8.955534755892217e+18,1.4159732889253942e+16,1.80528021354769e+16,6659982558581793.0,1.6211471418444192e+16,3.237089038360921e+17,8.475412972963456e+18
17526717.68599605,1.013288900909078e+17,8.955534755892217e+18,1.4159732889253942e+16,1.80528021354769e+16,6659982558581793.0,1.6211471418444192e+16,3.237089038360921e+17,8.475412972963456e+18
17877252.13971597,1.013288900909078e+17,8.955534755892217e+18,1.4159732889253942e+16,1.80528021354769e+16,6659982558581793.0,1.6211471418444192e+16,3.237089038360921e+17,8.475412972963456e+18
18234797.282510288,1.013288900909078e+17,8.955534755892217e+18,1.4159732889253942e+16,1.80528021354769e+16,6659982558581793.0,1.6211471418444192e+16,3.237089038360921e+17,8.475412972963456e+18
18599493.328160495,1.013288900909078e+17,8.955534755892217e+18,1.4159732889253942e+16,1.80528021354769e+16,6659982558581793.0,1.6211471418444192e+16,3.237089038360921e+17,8.475412972963456e+18
18971483.294723704,1.013288900909078e+17,8.955534755892217e+18,1.4159732889253942e+16,1.80528021354769e+16,6659982558581793.0,1.6211471418444192e+16,3.237089038360921e+17,8.475412972963456e+18
19350913.060618177,1.013288900909078e+17,8.955534755892217e+18,1.4159732889253942e+16,1.80528021354769e+16,6659982558581793.0,1.6211471418444192e+16,3.237089038360921e+17,8.475412972963456e+18
19737931.421830542,1.013288900909078e+17,8.955534755892217e+18,1.4159732889253942e+16,1.80528021354769e+16,6659982558581793.0,1.6211471418444192e+16,3.237089038360921e+17,8.475412972963456e+18
20132690.150267154,1.013288900909078e+17,8.955534755892217e+18,1.4159732889253942e+16,1.80528021354769e+16,6659982558581793.0,1.6211471418444192e+16,3.237089038360921e+17,8.475412972963456e+18
20535344.053272497,1.013288900909078e+17,8.955534755892217e+18,1.4159732889253942e+16,1.80528021354769e+16,6659982558581793.0,1.6211471418444192e+16,3.237089038360921e+17,8.475412972963456e+18
20946051.034337945,1.013288900909078e+17,8.955534755892217e+18,1.4159732889253942e+16,1.80528021354769e+16,6659982558581793.0,1.6211471418444192e+16,3.237089038360921e+17,8.475412972963456e+18
21364972.155024704,1.013288900909078e+17,8.955534755892217e+18,1.4159732889253942e+16,1.80528021354769e+16,6659982558581793.0,1.6211471418444192e+16,3.237089038360921e+17,8.475412972963456e+18
21792271.6981252,1.013288900909078e+17,8.955534755892217e+18,1.4159732889253942e+16,1.80528021354769e+16,6659982558581793.0,1.6211471418444192e+16,3.237089038360921e+17,8.475412972963456e+18
22228117.2320877,1.013288900909078e+17,8.955534755892217e+18,1.4159732889253942e+16,1.80528021354769e+16,6659982558581793.0,1.6211471418444192e+16,3.237089038360921e+17,8.475412972963456e+18
22672679.676729456,1.013288900909078e+17,8.955534755892217e+18,1.4159732889253942e+16,1.80528021354769e+16,6659982558581793.0,1.6211471418444192e+16,3.237089038360921e+17,8.475412972963456e+18
23126133.370264046,1.013288900909078e+17,8.955534755892217e+18,1.4159732889253942e+16,1.80528021354769e+16,6659982558581793.0,1.6211471418444192e+16,3.237089038360921e+17,8.475412972963456e+18
23588656.13766933,1.013288900909078e+17,8.955534755892217e+18,1.4159732889253942e+16,1.80528021354769e+16,6659982558581793.0,1.6211471418444192e+16,3.237089038360921e+17,8.475412972963456e+18
24060429.360422716,1.013288900909078e+17,8.955534755892217e+18,1.4159732889253942e+16,1.80528021354769e+16,6659982558581793.0,1.6211471418444192e+16,3.237089038360921e+17,8.475412972963456e+18
24541638.04763117,1.013288900909078e+17,8.955534755892217e+18,1.4159732889253942e+16,1.80528021354769e+16,6659982558581793.0,1.6211471418444192e+16,3.237089038360921e+17,8.475412972963456e+18
25032470.908583794,1.013288900909078e+17,8.955534755892217e+18,1.4159732889253942e+16,1.80528021354769e+16,6659982558581793.0,1.6211471418444192e+16,3.237089038360921e+17,8.475412972963456e+18
25533120.42675547,1.013288900909078e+17,8.955534755892217e+18,1.4159732889253942e+16,1.80528021354769e+16,6659982558581793.0,1.6211471418444192e+16,3.237089038360921e+17,8.475412972963456e+18
26043782.93529058,1.013288900909078e+17,8.955534755892217e+18,1.4159732889253942e+16,1.80528021354769e+16,6659982558581793.0,1.6211471418444192e+16,3.237089038360921e+17,8.475412972963456e+18
26564658.693996392,1.013288900909078e+17,8.955534755892217e+18,1.4159732889253942e+16,1.80528021354769e+16,6659982558581793.0,1.6211471418444192e+16,3.237089038360921e+17,8.475412972963456e+18
27095951.96787632,1.013288900909078e+17,8.955534755892217e+18,1.4159732889253942e+16,1.80528021354769e+16,6659982558581793.0,1.6211471418444192e+16,3.237089038360921e+17,8.475412972963456e+18
27637871.107233845,1.013288900909078e+17,8.955534755892217e+18,1.4159732889253942e+16,1.80528021354769e+16,6659982558581793.0,1.6211471418444192e+16,3.237089038360921e+17,8.475412972963456e+18
28190628.629378524,1.013288900909078e+17,8.955534755892217e+18,1.4159732889253942e+16,1.80528021354769e+16,6659982558581793.0,1.6211471418444192e+16,3.237089038360921e+17,8.475412972963456e+18
28754441.301966093,1.013288900909078e+17,8.955534755892217e+18,1.4159732889253942e+16,1.80528021354769e+16,6659982558581793.0,1.6211471418444192e+16,3.237089038360921e+17,8.475412972963456e+18
29329530.228005417,1.013288900909078e+17,8.955534755892217e+18,1.4159732889253942e+16,1.80528021354769e+16,6659982558581793.0,1.6211471418444192e+16,3.237089038360921e+17,8.475412972963456e+18
29916120.932565525,1.013288900909078e+17,8.955534755892217e+18,1.4159732889253942e+16,1.80528021354769e+16,6659982558581793.0,1.6211471418444192e+16,3.237089038360921e+17,8.475412972963456e+18
30514443.451216836,1.013288900909078e+17,8.955534755892217e+18,1.4159732889253942e+16,1.80528021354769e+16,6659982558581793.0,1.6211471418444192e+16,3.237089038360921e+17,8.475412972963456e+18
31124732.420241173,1.013288900909078e+17,8.955534755892217e+18,1.4159732889253942e+16,1.80528021354769e+16,6659982558581793.0,1.6211471418444192e+16,3.237089038360921e+17,8.475412972963456e+18
31747227.168645997,1.013288900909078e+17,8.955534755892217e+18,1.4159732889253942e+16,1.80528021354769e+16,6659982558581793.0,1.6211471418444192e+16,3.237089038360921e+17,8.475412972963456e+18
32382171.812018916,1.013288900909078e+17,8.955534755892217e+18,1.4159732889253942e+16,1.80528021354769e+16,6659982558581793.0,1.6211471418444192e+16,3.237089038360921e+17,8.475412972963456e+18
33029815.348259296,1.013288900909078e+17,8.955534755892217e+18,1.4159732889253942e+16,1.80528021354769e+16,6659982558581793.0,1.6211471418444192e+16,3.237089038360921e+17,8.475412972963456e+18
33690411.75522448,1.013288900909078e+17,8.955534755892217e+18,1.4159732889253942e+16,1.80528021354769e+16,6659982558581793.0,1.6211471418444192e+16,3.237089038360921e+17,8.475412972963456e+18
34364220.09032897,1.013288900909078e+17,8.955534755892217e+18,1.4159732889253942e+16,1.80528021354769e+16,6659982558581793.0,1.6211471418444192e+16,3.237089038360921e+17,8.475412972963456e+18
35051504.59213555,1.013288900909078e+17,8.955534755892217e+18,1.4159732889253942e+16,1.80528021354769e+16,6659982558581793.0,1.6211471418444192e+16,3.237089038360921e+17,8.475412972963456e+18
35752534.78397826,1.013288900909078e+17,8.955534755892217e+18,1.4159732889253942e+16,1.80528021354769e+16,6659982558581793.0,1.6211471418444192e+16,3.237089038360921e+17,8.475412972963456e+18
36467585.57965783,1.013288900909078e+17,8.955534755892217e+18,1.4159732889253942e+16,1.80528021354769e+16,6659982558581793.0,1.6211471418444192e+16,3.237089038360921e+17,8.475412972963456e+18
37196937.39125099,1.013288900909078e+17,8.955534755892217e+18,1.4159732889253942e+16,1.80528021354769e+16,6659982558581793.0,1.6211471418444192e+16,3.237089038360921e+17,8.475412972963456e+18
37940876.23907601,1.013288900909078e+17,8.955534755892217e+18,1.4159732889253942e+16,1.80528021354769e+16,6659982558581793.0,1.6211471418444192e+16,3.237089038360921e+17,8.475412972963456e+18
38699693.86385753,1.013288900909078e+17,8.955534755892217e+18,1.4159732889253942e+16,1.80528021354769e+16,6659982558581793.0,1.6211471418444192e+16,3.237089038360921e+17,8.475412972963456e+18
39473687.84113468,1.013288900909078e+17,8.955534755892217e+18,1.4159732889253942e+16,1.80528021354769e+16,6659982558581793.0,1.6211471418444192e+16,3.237089038360921e+17,8.475412972963456e+18
40263161.697957374,1.013288900909078e+17,8.955534755892217e+18,1.4159732889253942e+16,1.80528021354769e+16,6659982558581793.0,1.6211471418444192e+16,3.237089038360921e+17,8.475412972963456e+18
41068425.03191652,1.013288900909078e+17,8.955534755892217e+18,1.4159732889253942e+16,1.80528021354769e+16,6659982558581793.0,1.6211471418444192e+16,3.237089038360921e+17,8.475412972963456e+18
41889793.63255485,1.013288900909078e+17,8.955534755892217e+18,1.4159732889253942e+16,1.80528021354769e+16,6659982558581793.0,1.6211471418444192e+16,3.237089038360921e+17,8.475412972963456e+18
42727589.60520595,1.013288900909078e+17,8.955534755892217e+18,1.4159732889253942e+16,1.80528021354769e+16,6659982558581793.0,1.6211471418444192e+16,3.237089038360921e+17,8.475412972963456e+18
43582141.49731007,1.013288900909078e+17,8.955534755892217e+18,1.4159732889253942e+16,1.80528021354769e+16,6659982558581793.0,1.6211471418444192e+16,3.237089038360921e+17,8.475412972963456e+18
44453784.42725627,1.013288900909078e+17,8.955534755892217e+18,1.4159732889253942e+16,1.80528021354769e+16,6659982558581793.0,1.6211471418444192e+16,3.237089038360921e+17,8.475412972963456e+18
45342860.215801395,1.013288900909078e+17,8.955534755892217e+18,1.4159732889253942e+16,1.80528021354769e+16,6659982558581793.0,1.6211471418444192e+16,3.237089038360921e+17,8.475412972963456e+18
46249717.520117424,1.013288900909078e+17,8.955534755892217e+18,1.4159732889253942e+16,1.80528021354769e+16,6659982558581793.0,1.6211471418444192e+16,3.237089038360921e+17,8.475412972963456e+18
47174711.97051977,1.013288900909078e+17,8.955534755892217e+18,1.4159732889253942e+16,1.80528021354769e+16,6659982558581793.0,1.6211471418444192e+16,3.237089038360921e+17,8.475412972963456e+18
48118206.30993017,1.013288900909078e+17,8.955534755892217e+18,1.4159732889253942e+16,1.80528021354769e+16,6659982558581793.0,1.6211471418444192e+16,3.237089038360921e+17,8.475412972963456e+18
49080570.536128774,1.013288900909078e+17,8.955534755892217e+18,1.4159732889253942e+16,1.80528021354769e+16,6659982558581793.0,1.6211471418444192e+16,3.237089038360921e+17,8.475412972963456e+18
50062182.04685135,1.013288900909078e+17,8.955534755892217e+18,1.4159732889253942e+16,1.80528021354769e+16,6659982558581793.0,1.6211471418444192e+16,3.237089038360921e+17,8.475412972963456e+18
51063425.78778838,1.013288900909078e+17,8.955534755892217e+18,1.4159732889253942e+16,1.80528021354769e+16,6659982558581793.0,1.6211471418444192e+16,3.237089038360921e+17,8.475412972963456e+18
52084694.40354415,1.013288900909078e+17,8.955534755892217e+18,1.4159732889253942e+16,1.80528021354769e+16,6659982558581793.0,1.6211471418444192e+16,3.237089038360921e+17,8.475412972963456e+18
53126388.39161503,1.013288900909078e+17,8.955534755892217e+18,1.4159732889253942e+16,1.80528021354769e+16,6659982558581793.0,1.6211471418444192e+16,3.237089038360921e+17,8.475412972963456e+18
54188916.259447336,1.013288900909078e+17,8.955534755892217e+18,1.4159732889253942e+16,1.80528021354769e+16,6659982558581793.0,1.6211471418444192e+16,3.237089038360921e+17,8.475412972963456e+18
55272694.68463629,1.013288900909078e+17,8.955534755892217e+18,1.4159732889253942e+16,1.80528021354769e+16,6659982558581793.0,1.6211471418444192e+16,3.237089038360921e+17,8.475412972963456e+18
56378148.67832901,1.013288900909078e+17,8.955534755892217e+18,1.4159732889253942e+16,1.80528021354769e+16,6659982558581793.0,1.6211471418444192e+16,3.237089038360921e+17,8.475412972963456e+18
57505711.75189559,1.013288900909078e+17,8.955534755892217e+18,1.4159732889253942e+16,1.80528021354769e+16,6659982558581793.0,1.6211471418444192e+16,3.237089038360921e+17,8.475412972963456e+18
58655826.08693351,1.013288900909078e+17,8.955534755892217e+18,1.4159732889253942e+16,1.80528021354769e+16,6659982558581793.0,1.6211471418444192e+16,3.237089038360921e+17,8.475412972963456e+18
59828942.70867218,1.013288900909078e+17,8.955534755892217e+18,1.4159732889253942e+16,1.80528021354769e+16,6659982558581793.0,1.6211471418444192e+16,3.237089038360921e+17,8.475412972963456e+18
61025521.66284563,1.013288900909078e+17,8.955534755892217e+18,1.4159732889253942e+16,1.80528021354769e+16,6659982558581793.0,1.6211471418444192e+16,3.237089038360921e+17,8.475412972963456e+18
62246032.19610254,1.013288900909078e+17,8.955534755892217e+18,1.4159732889253942e+16,1.80528021354769e+16,6659982558581793.0,1.6211471418444192e+16,3.237089038360921e+17,8.475412972963456e+18
63490952.94002459,1.013288900909078e+17,8.955534755892217e+18,1.4159732889253942e+16,1.80528021354769e+16,6659982558581793.0,1.6211471418444192e+16,3.237089038360921e+17,8.475412972963456e+18
64760772.09882508,1.013288900909078e+17,8.955534755892217e+18,1.4159732889253942e+16,1.80528021354769e+16,6659982558581793.0,1.6211471418444192e+16,3.237089038360921e+17,8.475412972963456e+18
66055987.640801586,1.013288900909078e+17,8.955534755892217e+18,1.4159732889253942e+16,1.80528021354769e+16,6659982558581793.0,1.6211471418444192e+16,3.237089038360921e+17,8.475412972963456e+18
67377107.49361762,1.013288900909078e+17,8.955534755892217e+18,1.4159732889253942e+16,1.80528021354769e+16,6659982558581793.0,1.6211471418444192e+16,3.237089038360921e+17,8.475412972963456e+18
68724649.74348998,1.013288900909078e+17,8.955534755892217e+18,1.4159732889253942e+16,1.80528021354769e+16,6659982558581793.0,1.6211471418444192e+16,3.237089038360921e+17,8.475412972963456e+18
70099142.83835979,1.013288900909078e+17,8.955534755892217e+18,1.4159732889253942e+16,1.80528021354769e+16,6659982558581793.0,1.6211471418444192e+16,3.237089038360921e+17,8.475412972963456e+18
71501125.79512699,1.013288900909078e+17,8.955534755892217e+18,1.4159732889253942e+16,1.80528021354769e+16,6659982558581793.0,1.6211471418444192e+16,3.237089038360921e+17,8.475412972963456e+18
72931148.41102953,1.013288900909078e+17,8.955534755892217e+18,1.4159732889253942e+16,1.80528021354769e+16,6659982558581793.0,1.6211471418444192e+16,3.237089038360921e+17,8.475412972963456e+18
74389771.47925012,1.013288900909078e+17,8.955534755892217e+18,1.4159732889253942e+16,1.80528021354769e+16,6659982558581793.0,1.6211471418444192e+16,3.237089038360921e+17,8.475412972963456e+18
75877567.00883512,1.013288900909078e+17,8.955534755892217e+18,1.4159732889253942e+16,1.80528021354769e+16,6659982558581793.0,1.6211471418444192e+16,3.237089038360921e+17,8.475412972963456e+18
77395118.44901183,1.013288900909078e+17,8.955534755892217e+18,1.4159732889253942e+16,1.80528021354769e+16,6659982558581793.0,1.6211471418444192e+16,3.237089038360921e+17,8.475412972963456e+18
78943020.91799207,1.013288900909078e+17,8.955534755892217e+18,1.4159732889253942e+16,1.80528021354769e+16,6659982558581793.0,1.6211471418444192e+16,3.237089038360921e+17,8.475412972963456e+18
80521881.43635191,1.013288900909078e+17,8.955534755892217e+18,1.4159732889253942e+16,1.80528021354769e+16,6659982558581793.0,1.6211471418444192e+16,3.237089038360921e+17,8.475412972963456e+18
82132319.16507895,1.013288900909078e+17,8.955534755892217e+18,1.4159732889253942e+16,1.80528021354769e+16,6659982558581793.0,1.6211471418444192e+16,3.237089038360921e+17,8.475412972963456e+18
83774965.64838053,1.013288900909078e+17,8.955534755892217e+18,1.4159732889253942e+16,1.80528021354769e+16,6659982558581793.0,1.6211471418444192e+16,3.237089038360921e+17,8.475412972963456e+18
85450465.06134814,1.013288900909078e+17,8.955534755892217e+18,1.4159732889253942e+16,1.80528021354769e+16,6659982558581793.0,1.6211471418444192e+16,3.237089038360921e+17,8.475412972963456e+18
87159474.46257511,1.013288900909078e+17,8.955534755892217e+18,1.4159732889253942e+16,1.80528021354769e+16,6659982558581793.0,1.6211471418444192e+16,3.237089038360921e+17,8.475412972963456e+18
88902664.05182661,1.013288900909078e+17,8.955534755892217e+18,1.4159732889253942e+16,1.80528021354769e+16,6659982558581793.0,1.6211471418444192e+16,3.237089038360921e+17,8.475412972963456e+18
90680717.43286315,1.013288900909078e+17,8.955534755892217e+18,1.4159732889253942e+16,1.80528021354769e+16,6659982558581793.0,1.6211471418444192e+16,3.237089038360921e+17,8.475412972963456e+18
92494331.8815204,1.013288900909078e+17,8.955534755892217e+18,1.4159732889253942e+16,1.80528021354769e+16,6659982558581793.0,1.6211471418444192e+16,3.237089038360921e+17,8.475412972963456e+18
94344218.61915082,1.013288900909078e+17,8.955534755892217e+18,1.4159732889253942e+16,1.80528021354769e+16,6659982558581793.0,1.6211471418444192e+16,3.237089038360921e+17,8.475412972963456e+18
96231103.09153384,1.013288900909078e+17,8.955534755892217e+18,1.4159732889253942e+16,1.80528021354769e+16,6659982558581793.0,1.6211471418444192e+16,3.237089038360921e+17,8.475412972963456e+18
98155725.25336452,1.013288900909078e+17,8.955534755892217e+18,1.4159732889253942e+16,1.80528021354769e+16,6659982558581793.0,1.6211471418444192e+16,3.237089038360921e+17,8.475412972963456e+18
100118839.85843182,1.013288900909078e+17,8.955534755892217e+18,1.4159732889253942e+16,1.80528021354769e+16,6659982558581793.0,1.6211471418444192e+16,3.237089038360921e+17,8.475412972963456e+18
102121216.75560045,1.013288900909078e+17,8.955534755892217e+18,1.4159732889253942e+16,1.80528021354769e+16,6659982558581793.0,1.6211471418444192e+16,3.237089038360921e+17,8.475412972963456e+18
104163641.19071247,1.013288900909078e+17,8.955534755892217e+18,1.4159732889253942e+16,1.80528021354769e+16,6659982558581793.0,1.6211471418444192e+16,3.237089038360921e+17,8.475412972963456e+18
106246914.11452672,1.013288900909078e+17,8.955534755892217e+18,1.4159732889253942e+16,1.80528021354769e+16,6659982558581793.0,1.6211471418444192e+16,3.237089038360921e+17,8.475412972963456e+18
108371852.49681726,1.013288900909078e+17,8.955534755892217e+18,1.4159732889253942e+16,1.80528021354769e+16,6659982558581793.0,1.6211471418444192e+16,3.237089038360921e+17,8.475412972963456e+18
110539289.64675361,1.013288900909078e+17,8.955534755892217e+18,1.4159732889253942e+16,1.80528021354769e+16,6659982558581793.0,1.6211471418444192e+16,3.237089038360921e+17,8.475412972963456e+18
112750075.53968868,1.013288900909078e+17,8.955534755892217e+18,1.4159732889253942e+16,1.80528021354769e+16,6659982558581793.0,1.6211471418444192e+16,3.237089038360921e+17,8.475412972963456e+18
115005077.15048245,1.013288900909078e+17,8.955534755892217e+18,1.4159732889253942e+16,1.80528021354769e+16,6659982558581793.0,1.6211471418444192e+16,3.237089038360921e+17,8.475412972963456e+18
117305178.7934921,1.013288900909078e+17,8.955534755892217e+18,1.4159732889253942e+16,1.80528021354769e+16,6659982558581793.0,1.6211471418444192e+16,3.237089038360921e+17,8.475412972963456e+18
119651282.46936193,1.013288900909078e+17,8.955534755892217e+18,1.4159732889253942e+16,1.80528021354769e+16,6659982558581793.0,1.6211471418444192e+16,3.237089038360921e+17,8.475412972963456e+18
122044308.21874917,1.013288900909078e+17,8.955534755892217e+18,1.4159732889253942e+16,1.80528021354769e+16,6659982558581793.0,1.6211471418444192e+16,3.237089038360921e+17,8.475412972963456e+18
124485194.48312415,1.013288900909078e+17,8.955534755892217e+18,1.4159732889253942e+16,1.80528021354769e+16,6659982558581793.0,1.6211471418444192e+16,3.237089038360921e+17,8.475412972963456e+18
126974898.47278664,1.013288900909078e+17,8.955534755892217e+18,1.4159732889253942e+16,1.80528021354769e+16,6659982558581793.0,1.6211471418444192e+16,3.237089038360921e+17,8.475412972963456e+18
129514396.54224238,1.013288900909078e+17,8.955534755892217e+18,1.4159732889253942e+16,1.80528021354769e+16,6659982558581793.0,1.6211471418444192e+16,3.237089038360921e+17,8.475412972963456e+18
132104684.57308723,1.013288900909078e+17,8.955534755892217e+18,1.4159732889253942e+16,1.80528021354769e+16,6659982558581793.0,1.6211471418444192e+16,3.237089038360921e+17,8.475412972963456e+18
134746778.36454898,1.013288900909078e+17,8.955534755892217e+18,1.4159732889253942e+16,1.80528021354769e+16,6659982558581793.0,1.6211471418444192e+16,3.237089038360921e+17,8.475412972963456e+18
137441714.03183997,1.013288900909078e+17,8.955534755892217e+18,1.4159732889253942e+16,1.80528021354769e+16,6659982558581793.0,1.6211471418444192e+16,3.237089038360921e+17,8.475412972963456e+18
140190548.41247678,1.013288900909078e+17,8.955534755892217e+18,1.4159732889253942e+16,1.80528021354769e+16,6659982558581793.0,1.6211471418444192e+16,3.237089038360921e+17,8.475412972963456e+18
142994359.48072633,1.013288900909078e+17,8.955534755892217e+18,1.4159732889253942e+16,1.80528021354769e+16,6659982558581793.0,1.6211471418444192e+16,3.237089038360921e+17,8.475412972963456e+18
145854246.77034086,1.013288900909078e+17,8.955534755892217e+18,1.4159732889253942e+16,1.80528021354769e+16,6659982558581793.0,1.6211471418444192e+16,3.237089038360921e+17,8.475412972963456e+18
148771331.8057477,1.013288900909078e+17,8.955534755892217e+18,1.4159732889253942e+16,1.80528021354769e+16,6659982558581793.0,1.6211471418444192e+16,3.237089038360921e+17,8.475412972963456e+18
151746758.54186264,1.013288900909078e+17,8.955534755892217e+18,1.4159732889253942e+16,1.80528021354769e+16,6659982558581793.0,1.6211471418444192e+16,3.237089038360921e+17,8.475412972963456e+18
154781693.81269988,1.013288900909078e+17,8.955534755892217e+18,1.4159732889253942e+16,1.80528021354769e+16,6659982558581793.0,1.6211471418444192e+16,3.237089038360921e+17,8.475412972963456e+18
157877327.7889539,1.013288900909078e+17,8.955534755892217e+18,1.4159732889253942e+16,1.80528021354769e+16,6659982558581793.0,1.6211471418444192e+16,3.237089038360921e+17,8.475412972963456e+18
161034874.444733,1.013288900909078e+17,8.955534755892217e+18,1.4159732889253942e+16,1.80528021354769e+16,6659982558581793.0,1.6211471418444192e+16,3.237089038360921e+17,8.475412972963456e+18
164255572.03362766,1.013288900909078e+17,8.955534755892217e+18,1.4159732889253942e+16,1.80528021354769e+16,6659982558581793.0,1.6211471418444192e+16,3.237089038360921e+17,8.475412972963456e+18
167540683.57430023,1.013288900909078e+17,8.955534755892217e+18,1.4159732889253942e+16,1.80528021354769e+16,6659982558581793.0,1.6211471418444192e+16,3.237089038360921e+17,8.475412972963456e+18
170891497.34578624,1.013288900909078e+17,8.955534755892217e+18,1.4159732889253942e+16,1.80528021354769e+16,6659982558581793.0,1.6211471418444192e+16,3.237089038360921e+17,8.475412972963456e+18
174309327.39270198,1.013288900909078e+17,8.955534755892217e+18,1.4159732889253942e+16,1.80528021354769e+16,6659982558581793.0,1.6211471418444192e+16,3.237089038360921e+17,8.475412972963456e+18
177795514.040556,1.013288900909078e+17,8.955534755892217e+18,1.4159732889253942e+16,1.80528021354769e+16,6659982558581793.0,1.6211471418444192e+16,3.237089038360921e+17,8.475412972963456e+18
181351424.42136714,1.013288900909078e+17,8.955534755892217e+18,1.4159732889253942e+16,1.80528021354769e+16,6659982558581793.0,1.6211471418444192e+16,3.237089038360921e+17,8.475412972963456e+18
184978453.00979447,1.013288900909078e+17,8.955534755892217e+18,1.4159732889253942e+16,1.80528021354769e+16,6659982558581793.0,1.6211471418444192e+16,3.237089038360921e+17,8.475412972963456e+18
188678022.16999036,1.013288900909078e+17,8.955534755892217e+18,1.4159732889253942e+16,1.80528021354769e+16,6659982558581793.0,1.6211471418444192e+16,3.237089038360921e+17,8.475412972963456e+18
192451582.71339017,1.013288900909078e+17,8.955534755892217e+18,1.4159732889253942e+16,1.80528021354769e+16,6659982558581793.0,1.6211471418444192e+16,3.237089038360921e+17,8.475412972963456e+18
196300614.46765798,1.013288900909078e+17,8.955534755892217e+18,1.4159732889253942e+16,1.80528021354769e+16,6659982558581793.0,1.6211471418444192e+16,3.237089038360921e+17,8.475412972963456e+18
200226626.85701114,1.013288900909078e+17,8.955534755892217e+18,1.4159732889253942e+16,1.80528021354769e+16,6659982558581793.0,1.6211471418444192e+16,3.237089038360921e+17,8.475412972963456e+18
204231159.49415135,1.013288900909078e+17,8.955534755892217e+18,1.4159732889253942e+16,1.80528021354769e+16,6659982558581793.0,1.6211471418444192e+16,3.237089038360921e+17,8.475412972963456e+18
208315782.78403437,1.013288900909078e+17,8.955534755892217e+18,1.4159732889253942e+16,1.80528021354769e+16,6659982558581793.0,1.6211471418444192e+16,3.237089038360921e+17,8.475412972963456e+18
212482098.53971505,1.013288900909078e+17,8.955534755892217e+18,1.4159732889253942e+16,1.80528021354769e+16,6659982558581793.0,1.6211471418444192e+16,3.237089038360921e+17,8.475412972963456e+18
216731740.61050937,1.013288900909078e+17,8.955534755892217e+18,1.4159732889253942e+16,1.80528021354769e+16,6659982558581793.0,1.6211471418444192e+16,3.237089038360921e+17,8.475412972963456e+18
221066375.52271956,1.013288900909078e+17,8.955534755892217e+18,1.4159732889253942e+16,1.80528021354769e+16,6659982558581793.0,1.6211471418444192e+16,3.237089038360921e+17,8.475412972963456e+18
225487703.13317394,1.013288900909078e+17,8.955534755892217e+18,1.4159732889253942e+16,1.80528021354769e+16,6659982558581793.0,1.6211471418444192e+16,3.237089038360921e+17,8.475412972963456e+18
229997457.29583743,1.013288900909078e+17,8.955534755892217e+18,1.4159732889253942e+16,1.80528021354769e+16,6659982558581793.0,1.6211471418444192e+16,3.237089038360921e+17,8.475412972963456e+18
234597406.5417542,1.013288900909078e+17,8.955534755892217e+18,1.4159732889253942e+16,1.80528021354769e+16,6659982558581793.0,1.6211471418444192e+16,3.237089038360921e+17,8.475412972963456e+18
239289354.77258927,1.013288900909078e+17,8.955534755892217e+18,1.4159732889253942e+16,1.80528021354769e+16,6659982558581793.0,1.6211471418444192e+16,3.237089038360921e+17,8.475412972963456e+18
244075141.96804106,1.013288900909078e+17,8.955534755892217e+18,1.4159732889253942e+16,1.80528021354769e+16,6659982558581793.0,1.6211471418444192e+16,3.237089038360921e+17,8.475412972963456e+18
248956644.9074019,1.013288900909078e+17,8.955534755892217e+18,1.4159732889253942e+16,1.80528021354769e+16,6659982558581793.0,1.6211471418444192e+16,3.237089038360921e+17,8.475412972963456e+18
253935777.90554994,1.013288900909078e+17,8.955534755892217e+18,1.4159732889253942e+16,1.80528021354769e+16,6659982558581793.0,1.6211471418444192e+16,3.237089038360921e+17,8.475412972963456e+18
259014493.56366095,1.013288900909078e+17,8.955534755892217e+18,1.4159732889253942e+16,1.80528021354769e+16,6659982558581793.0,1.6211471418444192e+16,3.237089038360921e+17,8.475412972963456e+18
264194783.53493416,1.013288900909078e+17,8.955534755892217e+18,1.4159732889253942e+16,1.80528021354769e+16,6659982558581793.0,1.6211471418444192e+16,3.237089038360921e+17,8.475412972963456e+18
269478679.3056328,1.013288900909078e+17,8.955534755892217e+18,1.4159732889253942e+16,1.80528021354769e+16,6659982558581793.0,1.6211471418444192e+16,3.237089038360921e+17,8.475412972963456e+18
274868252.9917455,1.013288900909078e+17,8.955534755892217e+18,1.4159732889253942e+16,1.80528021354769e+16,6659982558581793.0,1.6211471418444192e+16,3.237089038360921e+17,8.475412972963456e+18
280365618.1515804,1.013288900909078e+17,8.955534755892217e+18,1.4159732889253942e+16,1.80528021354769e+16,6659982558581793.0,1.6211471418444192e+16,3.237089038360921e+17,8.475412972963456e+18
285972930.614612,1.013288900909078e+17,8.955534755892217e+18,1.4159732889253942e+16,1.80528021354769e+16,6659982558581793.0,1.6211471418444192e+16,3.237089038360921e+17,8.475412972963456e+18
291692389.32690424,1.013288900909078e+17,8.955534755892217e+18,1.4159732889253942e+16,1.80528021354769e+16,6659982558581793.0,1.6211471418444192e+16,3.237089038360921e+17,8.475412972963456e+18
297526237.2134423,1.013288900909078e+17,8.955534755892217e+18,1.4159732889253942e+16,1.80528021354769e+16,6659982558581793.0,1.6211471418444192e+16,3.237089038360921e+17,8.475412972963456e+18
303476762.0577112,1.013288900909078e+17,8.955534755892217e+18,1.4159732889253942e+16,1.80528021354769e+16,6659982558581793.0,1.6211471418444192e+16,3.237089038360921e+17,8.475412972963456e+18
309546297.3988654,1.013288900909078e+17,8.955534755892217e+18,1.4159732889253942e+16,1.80528021354769e+16,6659982558581793.0,1.6211471418444192e+16,3.237089038360921e+17,8.475412972963456e+18
315737223.44684273,1.013288900909078e+17,8.955534755892217e+18,1.4159732889253942e+16,1.80528021354769e+16,6659982558581793.0,1.6211471418444192e+16,3.237089038360921e+17,8.475412972963456e+18
322051968.0157796,1.013288900909078e+17,8.955534755892217e+18,1.4159732889253942e+16,1.80528021354769e+16,6659982558581793.0,1.6211471418444192e+16,3.237089038360921e+17,8.475412972963456e+18
328493007.4760952,1.013288900909078e+17,8.955534755892217e+18,1.4159732889253942e+16,1.80528021354769e+16,6659982558581793.0,1.6211471418444192e+16,3.237089038360921e+17,8.475412972963456e+18
335062867.7256171,1.013288900909078e+17,8.955534755892217e+18,1.4159732889253942e+16,1.80528021354769e+16,6659982558581793.0,1.6211471418444192e+16,3.237089038360921e+17,8.475412972963456e+18
341764125.18012947,1.013288900909078e+17,8.955534755892217e+18,1.4159732889253942e+16,1.80528021354769e+16,6659982558581793.0,1.6211471418444192e+16,3.237089038360921e+17,8.475412972963456e+18
348599407.78373206,1.013288900909078e+17,8.955534755892217e+18,1.4159732889253942e+16,1.80528021354769e+16,6659982558581793.0,1.6211471418444192e+16,3.237089038360921e+17,8.475412972963456e+18
355571396.0394067,1.013288900909078e+17,8.955534755892217e+18,1.4159732889253942e+16,1.80528021354769e+16,6659982558581793.0,1.6211471418444192e+16,3.237089038360921e+17,8.475412972963456e+18
362682824.06019485,1.013288900909078e+17,8.955534755892217e+18,1.4159732889253942e+16,1.80528021354769e+16,6659982558581793.0,1.6211471418444192e+16,3.237089038360921e+17,8.475412972963456e+18
369936480.6413987,1.013288900909078e+17,8.955534755892217e+18,1.4159732889253942e+16,1.80528021354769e+16,6659982558581793.0,1.6211471418444192e+16,3.237089038360921e+17,8.475412972963456e+18
377335210.3542267,1.013288900909078e+17,8.955534755892217e+18,1.4159732889253942e+16,1.80528021354769e+16,6659982558581793.0,1.6211471418444192e+16,3.237089038360921e+17,8.475412972963456e+18
384881914.66131127,1.013288900909078e+17,8.955534755892217e+18,1.4159732889253942e+16,1.80528021354769e+16,6659982558581793.0,1.6211471418444192e+16,3.237089038360921e+17,8.475412972963456e+18
392579553.0545375,1.013288900909078e+17,8.955534755892217e+18,1.4159732889253942e+16,1.80528021354769e+16,6659982558581793.0,1.6211471418444192e+16,3.237089038360921e+17,8.475412972963456e+18
400431144.2156282,1.013288900909078e+17,8.955534755892217e+18,1.4159732889253942e+16,1.80528021354769e+16,6659982558581793.0,1.6211471418444192e+16,3.237089038360921e+17,8.475412972963456e+18
408439767.1999408,1.013288900909078e+17,8.955534755892217e+18,1.4159732889253942e+16,1.80528021354769e+16,6659982558581793.0,1.6211471418444192e+16,3.237089038360921e+17,8.475412972963456e+18
416608562.6439396,1.013288900909078e+17,8.955534755892217e+18,1.4159732889253942e+16,1.80528021354769e+16,6659982558581793.0,1.6211471418444192e+16,3.237089038360921e+17,8.475412972963456e+18
424940733.9968184,1.013288900909078e+17,8.955534755892217e+18,1.4159732889253942e+16,1.80528021354769e+16,6659982558581793.0,1.6211471418444192e+16,3.237089038360921e+17,8.475412972963456e+18
433439548.7767548,1.013288900909078e+17,8.955534755892217e+18,1.4159732889253942e+16,1.80528021354769e+16,6659982558581793.0,1.6211471418444192e+16,3.237089038360921e+17,8.475412972963456e+18
442108339.8522899,1.013288900909078e+17,8.955534755892217e+18,1.4159732889253942e+16,1.80528021354769e+16,6659982558581793.0,1.6211471418444192e+16,3.237089038360921e+17,8.475412972963456e+18
450950506.7493357,1.013288900909078e+17,8.955534755892217e+18,1.4159732889253942e+16,1.80528021354769e+16,6659982558581793.0,1.6211471418444192e+16,3.237089038360921e+17,8.475412972963456e+18
459969516.9843224,1.013288900909078e+17,8.955534755892217e+18,1.4159732889253942e+16,1.80528021354769e+16,6659982558581793.0,1.6211471418444192e+16,3.237089038360921e+17,8.475412972963456e+18
469168907.4240089,1.013288900909078e+17,8.955534755892217e+18,1.4159732889253942e+16,1.80528021354769e+16,6659982558581793.0,1.6211471418444192e+16,3.237089038360921e+17,8.475412972963456e+18
478552285.6724891,1.013288900909078e+17,8.955534755892217e+18,1.4159732889253942e+16,1.80528021354769e+16,6659982558581793.0,1.6211471418444192e+16,3.237089038360921e+17,8.475412972963456e+18
488123331.4859389,1.013288900909078e+17,8.955534755892217e+18,1.4159732889253942e+16,1.80528021354769e+16,6659982558581793.0,1.6211471418444192e+16,3.237089038360921e+17,8.475412972963456e+18
497885798.2156577,1.013288900909078e+17,8.955534755892217e+18,1.4159732889253942e+16,1.80528021354769e+16,6659982558581793.0,1.6211471418444192e+16,3.237089038360921e+17,8.475412972963456e+18
507843514.2799709,1.013288900909078e+17,8.955534755892217e+18,1.4159732889253942e+16,1.80528021354769e+16,6659982558581793.0,1.6211471418444192e+16,3.237089038360921e+17,8.475412972963456e+18
518000384.6655703,1.013288900909078e+17,8.955534755892217e+18,1.4159732889253942e+16,1.80528021354769e+16,6659982558581793.0,1.6211471418444192e+16,3.237089038360921e+17,8.475412972963456e+18
528360392.45888174,1.013288900909078e+17,8.955534755892217e+18,1.4159732889253942e+16,1.80528021354769e+16,6659982558581793.0,1.6211471418444192e+16,3.237089038360921e+17,8.475412972963456e+18
538927600.4080594,1.013288900909078e+17,8.955534755892217e+18,1.4159732889253942e+16,1.80528021354769e+16,6659982558581793.0,1.6211471418444192e+16,3.237089038360921e+17,8.475412972963456e+18
549706152.5162206,1.013288900909078e+17,8.955534755892217e+18,1.4159732889253942e+16,1.80528021354769e+16,6659982558581793.0,1.6211471418444192e+16,3.237089038360921e+17,8.475412972963456e+18
560700275.666545,1.013288900909078e+17,8.955534755892217e+18,1.4159732889253942e+16,1.80528021354769e+16,6659982558581793.0,1.6211471418444192e+16,3.237089038360921e+17,8.475412972963456e+18
571914281.279876,1.013288900909078e+17,8.955534755892217e+18,1.4159732889253942e+16,1.80528021354769e+16,6659982558581793.0,1.6211471418444192e+16,3.237089038360921e+17,8.475412972963456e+18
583352567.0054735,1.013288900909078e+17,8.955534755892217e+18,1.4159732889253942e+16,1.80528021354769e+16,6659982558581793.0,1.6211471418444192e+16,3.237089038360921e+17,8.475412972963456e+18
595019618.445583,1.013288900909078e+17,8.955534755892217e+18,1.4159732889253942e+16,1.80528021354769e+16,6659982558581793.0,1.6211471418444192e+16,3.237089038360921e+17,8.475412972963456e+18
606920010.9144946,1.013288900909078e+17,8.955534755892217e+18,1.4159732889253942e+16,1.80528021354769e+16,6659982558581793.0,1.6211471418444192e+16,3.237089038360921e+17,8.475412972963456e+18
619058411.2327845,1.013288900909078e+17,8.955534755892217e+18,1.4159732889253942e+16,1.80528021354769e+16,6659982558581793.0,1.6211471418444192e+16,3.237089038360921e+17,8.475412972963456e+18
631439579.5574402,1.013288900909078e+17,8.955534755892217e+18,1.4159732889253942e+16,1.80528021354769e+16,6659982558581793.0,1.6211471418444192e+16,3.237089038360921e+17,8.475412972963456e+18
644068371.2485889,1.013288900909078e+17,8.955534755892217e+18,1.4159732889253942e+16,1.80528021354769e+16,6659982558581793.0,1.6211471418444192e+16,3.237089038360921e+17,8.475412972963456e+18
656949738.7735608,1.013288900909078e+17,8.955534755892217e+18,1.4159732889253942e+16,1.80528021354769e+16,6659982558581793.0,1.6211471418444192e+16,3.237089038360921e+17,8.475412972963456e+18
670088733.649032,1.013288900909078e+17,8.955534755892217e+18,1.4159732889253942e+16,1.80528021354769e+16,6659982558581793.0,1.6211471418444192e+16,3.237089038360921e+17,8.475412972963456e+18
683490508.4220127,1.013288900909078e+17,8.955534755892217e+18,1.4159732889253942e+16,1.80528021354769e+16,6659982558581793.0,1.6211471418444192e+16,3.237089038360921e+17,8.475412972963456e+18
697160318.6904529,1.013288900909078e+17,8.955534755892217e+18,1.4159732889253942e+16,1.80528021354769e+16,6659982558581793.0,1.6211471418444192e+16,3.237089038360921e+17,8.475412972963456e+18
711103525.164262,1.013288900909078e+17,8.955534755892217e+18,1.4159732889253942e+16,1.80528021354769e+16,6659982558581793.0,1.6211471418444192e+16,3.237089038360921e+17,8.475412972963456e+18
725325595.7675472,1.013288900909078e+17,8.955534755892217e+18,1.4159732889253942e+16,1.80528021354769e+16,6659982558581793.0,1.6211471418444192e+16,3.237089038360921e+17,8.475412972963456e+18
739832107.7828982,1.013288900909078e+17,8.955534755892217e+18,1.4159732889253942e+16,1.80528021354769e+16,6659982558581793.0,1.6211471418444192e+16,3.237089038360921e+17,8.475412972963456e+18
754628750.0385561,1.013288900909078e+17,8.955534755892217e+18,1.4159732889253942e+16,1.80528021354769e+16,6659982558581793.0,1.6211471418444192e+16,3.237089038360921e+17,8.475412972963456e+18
769721325.1393273,1.013288900909078e+17,8.955534755892217e+18,1.4159732889253942e+16,1.80528021354769e+16,6659982558581793.0,1.6211471418444192e+16,3.237089038360921e+17,8.475412972963456e+18
785115751.7421138,1.013288900909078e+17,8.955534755892217e+18,1.4159732889253942e+16,1.80528021354769e+16,6659982558581793.0,1.6211471418444192e+16,3.237089038360921e+17,8.475412972963456e+18
800818066.8769561,1.013288900909078e+17,8.955534755892217e+18,1.4159732889253942e+16,1.80528021354769e+16,6659982558581793.0,1.6211471418444192e+16,3.237089038360921e+17,8.475412972963456e+18
816834428.3144952,1.013288900909078e+17,8.955534755892217e+18,1.4159732889253942e+16,1.80528021354769e+16,6659982558581793.0,1.6211471418444192e+16,3.237089038360921e+17,8.475412972963456e+18
833171116.9807851,1.013288900909078e+17,8.955534755892217e+18,1.4159732889253942e+16,1.80528021354769e+16,6659982558581793.0,1.6211471418444192e+16,3.237089038360921e+17,8.475412972963456e+18
849834539.4204009,1.013288900909078e+17,8.955534755892217e+18,1.4159732889253942e+16,1.80528021354769e+16,6659982558581793.0,1.6211471418444192e+16,3.237089038360921e+17,8.475412972963456e+18
866831230.3088089,1.013288900909078e+17,8.955534755892217e+18,1.4159732889253942e+16,1.80528021354769e+16,6659982558581793.0,1.6211471418444192e+16,3.237089038360921e+17,8.475412972963456e+18
884167855.0149851,1.013288900909078e+17,8.955534755892217e+18,1.4159732889253942e+16,1.80528021354769e+16,6659982558581793.0,1.6211471418444192e+16,3.237089038360921e+17,8.475412972963456e+18
901851212.2152848,1.013288900909078e+17,8.955534755892217e+18,1.4159732889253942e+16,1.80528021354769e+16,6659982558581793.0,1.6211471418444192e+16,3.237089038360921e+17,8.475412972963456e+18
919888236.5595906,1.013288900909078e+17,8.955534755892217e+18,1.4159732889253942e+16,1.80528021354769e+16,6659982558581793.0,1.6211471418444192e+16,3.237089038360921e+17,8.475412972963456e+18
938286001.3907824,1.013288900909078e+17,8.955534755892217e+18,1.4159732889253942e+16,1.80528021354769e+16,6659982558581793.0,1.6211471418444192e+16,3.237089038360921e+17,8.475412972963456e+18
957051721.518598,1.013288900909078e+17,8.955534755892217e+18,1.4159732889253942e+16,1.80528021354769e+16,6659982558581793.0,1.6211471418444192e+16,3.237089038360921e+17,8.475412972963456e+18
976192756.04897,1.013288900909078e+17,8.955534755892217e+18,1.4159732889253942e+16,1.80528021354769e+16,6659982558581793.0,1.6211471418444192e+16,3.237089038360921e+17,8.475412972963456e+18
995716611.2699494,1.013288900909078e+17,8.955534755892217e+18,1.4159732889253942e+16,1.80528021354769e+16,6659982558581793.0,1.6211471418444192e+16,3.237089038360921e+17,8.475412972963456e+18
1000000000.0,1.013288900909078e+17,8.955534755892217e+18,1.4159732889253942e+16,1.80528021354769e+16,6659982558581793.0,1.6211471418444192e+16,3.237089038360921e+17,8.475412972963456e+18
